address,count
0x000001f568875F378Bf6d170B790967FE429C81A,2
0x000002114fc40119479F31B99C79e315F90cA527,1
0x000f4432a40560bBFf1b581a8b7AdEd8dab80026,1
0x0029ABdBEa9a58b665fB490C6505Eb391318927A,1
0x00535aEf587078EE9dD0f791eF9eF673F296eFEC,6
0x006fCAAB1b6c0442f13A7e973C2313E75c30c95b,1
0x00756259c88080720F589D64a2088eB01aeDDc19,10
0x0087a081a9B430fd8f688c6ac5dD24421BfB060D,21
0x00D3BAf1080b1Cfb5897225a21EcdcC25a1F4456,1
0x00a7C209C6282cB10B36Ab34eC635f48A8e37e1c,1
0x00c0798C0Df1e87069417E76b8Ca4fA089D051f1,1
0x00e13f97e1980126cbe90F21B9C1b853878031Dd,2
0x01801B91Bcb1096aEd3322DE8C86351c0c68cdeC,1
0x019f4aD7eA31cfa55625094298EE34966d334C7f,2
0x01A65849819a8A826c2de8eA5151F5294A0AC66f,7
0x01AB07010c2F4bf5971537669Cc19d5D8Cf320A0,1
0x01Ab2a5Faf8933C55bDd1e1f8dB5abDd22173Bf6,1
0x01E6b50557eF1a2ca58A621998aCe3f278E808B8,2
0x01b3310084090C2cd0Bb023913C70b3898B5e7a2,1
0x01b9369cf8624E1f9960864c18411B4b07Eb91AC,1
0x024A71CDc65E6EAEE2383a4097c5B35c95e8F009,2
0x02943a285B2d597dA8e7673EB325Ee1d5F59A9F6,2
0x02a5AF308FD2C802aed7638804A8F9131EAA8340,1
0x030850ec149221BCE137c018c2c3259e7040704e,6
0x0345fA5dc69C9cA90a441215E2fA8A0B36469286,1
0x036E0BE744a12Cf1d2c290e4447c920f7517A7d0,1
0x037206ACaa8EE3da02e9abe429F51255476A64D6,1
0x037cDD64F9b2E00fc6B7a1aA3E6152AFF8718540,1
0x037eea675C674079E3fE99530A474Cf55E533dc0,1
0x03B09978214eBb7B0542ebE3aa0a442Dbd652AB3,2
0x03BAf9F73Ed798060fAc3C78eF10FA490D977578,1
0x03C1f0585Bd1Ac0f1b53627E601E9A26DD7ec752,1
0x03f9bc4648a98CDc61FcA7a177D809edAB2c14fc,1
0x0417926c1504f17892cff3B0D0FEeDA89C711fCE,1
0x042Cc77196183b8C3D08Dc2acB74C1a456B131a5,1
0x043c1272F536DdaAC6595d2e44ce26217CB3E86F,1
0x047C4d7Af709ae19D3BBbD5F9E10461d2554dA00,2
0x0481ac68Cc3CB70f71C537C9CC14a6DDc29881B1,1
0x049808d5EAA90a2665b9703d2246DDed34F1EB73,1
0x0499D821624288509Cad73b17f57cc528f066ca5,1
0x04A0f10c0Dcfa5a4C060E5421f385c2A0E541a94,1
0x04Ddf96a61C4C44731f04Df4E963F61CFE3c9c6d,1
0x04Df8D02f912d34FEf12a1B0488ee56FD6f7416c,1
0x04F2cE3cdBdD7089cCcde4C37C3FE195eC0eFBd5,1
0x05066e4954D95529C45548fcD0d77fC213867C86,1
0x052aA017270434C91cA09c082018BD3B8f26e613,1
0x0553cb474D6e83434Bd454a94Ec42953225f369a,1
0x05E2461c8c10138aEE241268f28dE6003D3DBAdB,9
0x05d3A5E1D88B8525C4f096F78A40a8a14Ff2034F,2
0x05f9E07AFCcD4ea69310e316f4c5Ef81Ed3ED9c8,2
0x06500496820754aec033DA65bc48CB8A485FCc84,1
0x066440D60F9B2f336dC33ca05af379a2ADC73d9C,1
0x06691bFb8FdF21d5738Ff706059c856391e9804e,1
0x066b00f790347e3B3f1fB685F56e4DB33d1ba21C,1
0x06A90b3269e5043482299FfC97d2F13ed00E14db,1
0x06da20fF018e3Dc3cFA9ea16f687bf3b22668914,1
0x0722692DeB9c7b0B910C75e7d07C25A0CE920Fe2,1
0x07726d7e4ed80c8C64a8dd27e64F876Bd4225744,2
0x077fCe25226519991894821B2ec60a4BC26CE610,2
0x07898507BD4fd5B0a35AB67c830586AeFe3060d5,1
0x07C47D382183ADC21CD8d9aCF5905Fa799825444,2
0x07Dae622630D1136381933D2aD6B22b839d82102,2
0x07E62AA7FdE60cEEBFCB72c49018EdE750F73532,1
0x07EAa17a305D6ecA9Aaf0f9C89F5Ae4432b29212,1
0x07ffA6Fe4e45e810984Fe1548c67fF027D57b14F,2
0x083fc10cE7e97CaFBaE0fE332a9c4384c5f54E45,4
0x084AEE7a5e39595bcCEB34E12451b1F13826af9B,8
0x085843DBDe124AB8baBD558fea60534962628338,1
0x086132aF06003626B03B850beaD54F5Ca68543b0,6
0x087A7AFB6975A2837453BE685EB6272576c0bC06,2
0x0897e5839095BD2eE74DCCE979E8dd4a152f53c9,1
0x08D5Bd85e9CD8AB2D970995EB1357065fF12AE48,5
0x08D816526BdC9d077DD685Bd9FA49F58A5Ab8e48,1
0x08bf62CDAC411373a0217F4320769e54F55aaB5c,6
0x08c9573a3a9235B712237747a88989dCb24d4a34,1
0x090E1Fdc0CB866317751F0621884a203a8d797aa,1
0x0921a087A7A976065aE6F7EbE0a5b7a9F0A55a37,1
0x092314c3c7AaB1F890facD3cEc28CB3a4295d67D,1
0x095a7d540D17c93D942279e2748dab681d58bcf2,1
0x0A1A4CdcacF16AF7514717E115a3798f88ACBbF8,1
0x0A1ad77312D36459179ad622C2A8a6280CC79419,3
0x0A93f3372087FFec3934da8a0f2fE9961CEC5606,1
0x0AD6F0Bc2300d311bC51cee76899d1f737748cdF,1
0x0B14307eC91297168CfBa36730e4D95618e698C7,1
0x0B54B916E90b8f28ad21dA40638E0724132C9c93,1
0x0BB31C6278d58CfF41B7e8Ed3B20f76424fD69Ad,1
0x0C343408fbEE92BC86A0ba2B53950e93260B4647,1
0x0C3d030eE625b3135Fdc9C1CE0598b51c37262ee,25
0x0C4085d8E714CA77aC5F46CD2b80A92d238A7CD3,1
0x0C58663656Aa1A181cB841a92e7b2df24AA27b43,1
0x0C5a2C72C009252f0E7312f5a1Ab87de02be6FBE,1
0x0C8fB96bF3bC4E6007cFa52D4d9697acB8D346dF,3
0x0CAd1d5ea8b4EeE26959cC00B4A3677f7A11e40F,1
0x0CF29C333A84064723B3c8d4630A5AF539F18E3c,1
0x0CF7DcDdF516759975fb6AcA0Fb70db1Dfa2e165,1
0x0Cec743b8CE4Ef8802cAc0e5df18a180ed8402A7,17
0x0D2bF8e3D505Ac813F10316803a9Db1fEd3F71cC,2
0x0D46bda2Bb9165507C03d98cF0b809f10A831607,1
0x0Ddf1Db7d4e4eA20510682722F93E639baC6C036,9
0x0E7aF95de26BF10E6B9f00D846C22757aa582B9C,1
0x0Eb21ed8543789C79bEd81D85b13eA31E7aC805b,3
0x0FCD78E98E68c89744fa06F11011491074b166bD,5
0x0FDa32B8144e206c78b6Baa3d6826AE8574eC263,1
0x0a0A20cD66c43e7d788a341E8bbfCa89cB47B0f0,1
0x0a748907ae2b21677F31e38AcD500Ab9fD3091a1,3
0x0aF613C254718d084c25F3EA8FaccEE5e664Bf24,1
0x0b13f13c0E99F24b96A835B787D1347B33d87776,1
0x0bDffAC0951E1AdeA8eE1063899428614D18f862,1
0x0bf880C6a93A7fe662Febbf482d42eA740D897E3,1
0x0c2E9A64c9382BC2f99b092B3D0c3164375536D3,1
0x0c3a00e863B818dcbD3b0742a88C6489640d62A5,1
0x0cA5a04835A805676F1221BD2EDb052195e6f90b,2
0x0cffcea7104b2242534a0b280c662ACb1de69adf,12
0x0ddcB606E82E031E9eac01afB7fB2D54e64C2855,4
0x0eFa6252A87aB1693E97B6B7688F42eCacac37B2,1
0x0f581F00f6A318873e77715eF8953df226427aE7,3
0x0f6B9A3D613b052CB17012ba760b40f6d39cc6f0,1
0x0fFd1dc2e313a3f10ac9E1b0916Bb3752F400091,1
0x0fbECE585FDbD5a8d4Fb546350e26e543FE39419,1
0x1028aa2eb48258eD8A4FF80AD734F98904c15189,1
0x1047bD6D9D27Ce288864c833346670223B55a6b8,1
0x1077011F38c120973238eF266Dd45edad4a78E99,1
0x108f4F2C87089c55281c5747b4F503eF5Fded861,1
0x10cCD4136471c7c266a9Fc4569622989Fb4caB99,1
0x10d12277A6a6D24ea560859963AFD0e61Bc9D8Ba,2
0x11067596fF981C6A0722628ab9c4d70CaCc12bC4,1
0x1143ef4697e8c2b7748Ae345B355818e8BBe5a36,1
0x1151D9EDA4d6415b57851F39894c0bC69134e86C,1
0x1162A2E340C3b6b845E2993eE6807aC67Ff4230C,1
0x1187d55F7B4dBDbE99557FB5Ce64087ee7350eE1,1
0x11980e4FBe1A84C81581D9beb62cB6EC65CE750B,3
0x11B1785D9Ac81480c03210e89F1508c8c115888E,1
0x11F17B26e6Ad2D31dd5Bba3c0aB94ee899d2141d,1
0x11d67Fa925877813B744aBC0917900c2b1D6Eb81,1
0x120EbFE81c44003cd5351731709e30f9681dAF74,1
0x1242a09776F6979B3D9a1c5C797fCEf7E80cB659,1
0x12bb2D969b59Ff2830c1C6D760A2b87e8204109c,1
0x12c307DC92B9e3Fb0895825264726C60e757BE57,2
0x13020Ccaa0eDF74BD5d281dE6c8C571bf9142239,2
0x1302c202ef727FD656cb6356ef6E8B3Aab64AA58,1
0x134C6e76EdF4Bfb728454916040B84DF8c792206,1
0x1356Fc911032aE6EFa4905177cfFF028ae063ad7,1
0x1361be487cb4Bcc54b199C1423666D82F9C6A1c3,1
0x1375AC1C4b39121Ea902f32A6549875598d1cDd9,1
0x1378aB57a444Fa594cf9c8e01D6DE0c0F9E731A1,2
0x13816F65bA8195768E6825EB774FD3C6A05a0ac8,4
0x1399a4E68D94918025096FCAFa1e36059FB10F1e,1
0x13FeFdD563A930F07B1aC8A2227Acc27c3C12946,1
0x13a8553355C967aD688F08F7fCe4A9d4F06b2fa1,2
0x13ebd3443fa5575F0Eb173e323D8419F7452CfB1,1
0x142eA1C32Eac0f545CdC4cCEeFFFBBd2a0ae6ABa,2
0x143d168e02522dd9F3F9678Df4De73B557aD0b40,4
0x14466d035Ed00533bA245E0E69C04Fa4ACa949e7,1
0x146BAADE6ECc534394a26C5E22c431c1EeE0e3c7,1
0x14A03CA8740A0044E63d3Bb0432540d9509473d1,2
0x14E56Cf9e6257475F9B6310ADc98865Fc24D6504,4
0x14Ff0Bc9417B6796f79768729002A793b51205B8,1
0x14ae8100Ea85a11bbb36578f83AB1b5C1cFDd61c,1
0x14cEE90aF8f4ad904EdE3650dBEB89E1F26144ab,2
0x1501cf2e9afD2624a485e675427609a1932772EC,1
0x15965132f45bA869E3cd2e424EE3dDd9AB8D09f0,1
0x15CDF4E02055C44231fd6D8dAfD487b192697421,1
0x15E696e03cf87f23A2b864948eaB5595797ACA6a,1
0x15c548d23CFD084A526b905e21A2556294cf1d5b,1
0x15d32cC2A0A6Ae8406Ce0298f4B203CC51706070,1
0x15ff5727DAB1C29ffcd04085Ad928d844CbC44A5,1
0x161EA288055b58Fb182F72b124a5d0F367b099E4,1
0x163CA2217d74637Aa2e65a353E662238dc72D32A,1
0x166B6770f7513ee4BE7a88f7C8d250E5E8BCbfAF,2
0x16Ce1B15ed1278921d7Cae34Bf60a81227CFC295,1
0x16EC2AeA80863C1FB4e13440778D0c9967fC51cb,1
0x16Ff7860bfD31F7855d04e0E63A2b38b59FdefF5,1
0x171248C650f9DCcA140fDD4925c67f191e0d0f08,1
0x17410e536EcCd44b63147ACc4c22984dDA7682de,4
0x1786D033D5CbCC235B673e872c7613c2F83DA583,1
0x179cb2a263A4878c73A88F0D090Fce33DBA1F2fD,1
0x17cA2674104cb60bC2a43b8413ae87c16DccBfd1,1
0x17cF6Db98B05a0329c983f3a3b45d37d9cf1De86,1
0x181f70acF6291AFe7aaeA60733D30510bF17fc48,1
0x1880965C24448cfCceE3b329B6de724E5C15618D,1
0x188C30E9A6527F5F0c3f7fe59B72ac7253C62F28,1
0x18D467c40568dE5D1Ca2177f576d589c2504dE73,1
0x18EC63D88ab28743A7bAE47a5B03baEA278c48D2,67
0x18eCB1afd1caceDfCE0a36E283d3d1a90A7350fF,1
0x191458D229EAFe1E246e4c28d346fCb10AcB12A3,1
0x19973eDb91bd3f1AcfF0d7394fe53815065bBdAa,1
0x199efbFCCE43Fa755362E2c44c7e01e87cc35831,2
0x19D5383b9dC8723659dF1cdC66cA1D2E69bF7b30,2
0x1A42DEd8c988dD9CF5aF3DC505511D53181F0a9B,1
0x1A929b5d550C45ca8A0cFDB82F7c9C15FC278f31,2
0x1B2f066126475d61bb7a24261Ac30EAB00d84c40,2
0x1B312Cc76b59a12d3223b26d6DFd72b89B506caE,1
0x1B86a345C38850712A1730f5d0e3712249F07c09,1
0x1BbA756587e4D3C9273030a81D142bD960D141bC,1
0x1C41D8667E815451c6EfC242367cd15F0a4564DD,6
0x1C4e90fC8bdAdE442aeD58f8011db5A17A2E7199,1
0x1CAADed48bC6a8BC81A3668cd6C1796B80bC0Bdc,1
0x1CDb2C26a767BA197fdbBd9fA3488a6032811a7b,2
0x1D0676ab90E684E9c70c96a8691c2c993eEc2dA8,1
0x1D9567009bD44B791F0b66474BBbEE1F44e35578,1
0x1E145e9cD3E1E4F91eD9D20890b59d1e8d264bad,1
0x1E3Fe690eeaCA1bC9DEde96ece39241cCD5DF640,2
0x1E580e3Ced413ce93028B3FE5cfCe973e93E7EC8,1
0x1E67c3B82084C1909110624BB2a0d9D20c2a4Bf2,1
0x1E7127c81C8A58661a0811F026B6bE66533934bE,3
0x1EF69826e4ec8Fd164D4837a5a5613c483F6d665,2
0x1F2153C4B58c5cD2d19A2F5232E61C082ca63458,1
0x1F427A6FCdb95A7393C58552093e10A932890FA8,6
0x1FE9Fd1156688699F4ca017E72ee0D9873f9d758,1
0x1Fd2978aC57fB2f459EF1AB7812b58f29aB437BA,1
0x1Fe063d56c4a59409302bDdf5324df9dE0d25B65,1
0x1a2f5508Bb3B9151Ee5c3bFBA2C7404626532AF1,1
0x1aC5d648599B9767b1a1bd13eB8BF082B4C157c2,4
0x1b121EAca7A5C80CD6850533636574c39AA866D4,1
0x1bA12981833EC62721208F5E66f4201521F47339,1
0x1bD9582F085B2F4575FFD53DD5c9Ea328A677191,1
0x1bfCC34DadaA1154bB5f6dC2b7923f3b5cC256f7,1
0x1c25421E70966A81C7e4d0bF1E65Da92bCFa8125,1
0x1c3354d276b49fE8941a09b822a9100d50E88727,1
0x1c59F8CBC9be8f3887C2e7da0084f32BCd7d072b,1
0x1cbA5265adC2Ef75c196d61EBB41cfa62a59f6B8,2
0x1d31b6359a21eAE192816558Faae522D4E849130,1
0x1d4a8F52c66Ee1393ab0BfB8838E096cc2Cd106d,1
0x1dDe8492F3BeF456C49D718B413491fdB7fd7214,1
0x1dF8991799298b02f2d6E92Ae1D66EF5D5e5a8D4,2
0x1de6EeC2c08830BbEC7884F1Fc6b502521Ae2e54,1
0x1e32a859d69dde58d03820F8f138C99B688D132F,2
0x1e6D25889Ca68811cB834F7Cce9c21267c25570E,2
0x1eb322c016815EE5b29c071586C1B75Be5934576,1
0x1efEd205cAeDe27dA1135cd37A4192861a51100e,1
0x1f6b6A4a06Ee7fc2F93F4D2620003F377773D513,1
0x201b0eA27717c02b67E2802F80bb1A4B3cDC9A85,1
0x201b5Abfd44A8F9b75F0fE1BaE74CDaC7675E54B,2
0x202C4a0c28293C279af6312BF8D2603bBB533A88,1
0x204600c79f0Bd8696bFCEE13654F16703449145e,3
0x20786F71Bb42F2029D6ec3917A8e6772dcfC3569,1
0x20F9E5a17b00350F1EAF9Ad18Bc5be0D54c0bc3F,1
0x210ce89c0fE5222ff262E71f1c3243f1BfDeB113,1
0x2154bBcE5bbf61F51de52daAd0D055dBA455f1A2,2
0x21d79c2Be4ab3de2802a60Da66f86D497D06102B,2
0x222e1884FB4A382118D6c0222C8f78f678EACAcF,1
0x224f17BB6610c833c89B63754e6454a605df48B5,1
0x2252eF7D8Dc46c4a5587cf84f38A2c5c955a6E5C,1
0x2268C6E8F07B7fc87EDAE3d100E8681ffB1998Da,2
0x2289d80e6d9CdfF1Bf7a2223C74958D507dAaC8c,1
0x228c1334fc57Eb6E02EcC448E749a041124321c1,1
0x22eC37891864Bf4cD09Af861a73B682dE4a4be13,1
0x231c4d82c3E24a8e55027EFCcD395E6B339828FD,1
0x23605990A938Cebf695C41f83628e02D92e4B27e,1
0x23727EbdE0056732754Df6a75bDE03FcD8706F35,1
0x237421c2dce5B0c9ceC9F001BA8346c109D69834,1
0x23dB246031fd6F4e81B0814E9C1DC0901a18Da2D,1
0x240Cf70D8A648BE133fEB342D71E5e81C686e5f8,1
0x2416665568F872D2d85970e8ac7E14B7bE63D239,1
0x2423B65C54bcf69633752C388185C431Da74DbBa,2
0x246510711f628396F7aFC00182e7d6e4D03516e0,1
0x2468a0C24270B13544f3D2A34FDcb7fA6592622f,1
0x2492897E6138ae7E56D3d3ceB5AD76B801ec7d3f,1
0x249E361933C95Eb0b13Ec15880D5B0De1B6424f7,2
0x24F700BBa64905C97dD9F1cAc3DAcA8BA81f0285,23
0x24b8ceD0A0F84A90c40c6B659b4d06219e0C5cbd,1
0x24e0559FB69839D4575adEcED88C0d45129e1069,1
0x24f7C853031915511C3C6093CF0cCfB4697e7F53,1
0x25125E438b7Ae0f9AE8511D83aBB0F4574217C7a,1
0x25A72cf069192696021282d5BF34e965C029031F,1
0x25B28EE7f335F0396f41f129039F1583345B21b8,1
0x25B9f3Bf60c74a7041115Cf6Fac3Dc3715b2a8Ee,1
0x25d28685e149E105CfFfB1dc39b22aa2185ab361,1
0x2612927E37Ce2F17776EEFd85f920721481834aa,2
0x262e6a49cad8859c524f152328d25C1E0aCABEbA,1
0x264E467841f02DC85e60d39E103BF1831243aC06,1
0x26A89D6a6A9470ac84734658A795e66662DD4EBD,1
0x26D863eEF3B7302dCfeaEADea3A550bFC1fbF923,2
0x26bc7dafF54a8Fe4D385C37d6D56b0400A66aA0E,1
0x26cfBeD18C2e52eCE8CA43e53Cb87fdd3D8cEd92,1
0x26e2e8a24E867E5e96eA0c4913e659cDC8A97973,2
0x271adFa12DE6894EA3f38e1148Aa07d0f21fb9A8,1
0x273BA31C706b9D9FdAe1FD999183Bfa865895bE9,1
0x27407CaDAd03b2194f96674cf8CFaB5121F09248,1
0x2757475D4BDF2f01711579010B885d410f8Ed1C7,1
0x27AF2F76C801C50d6a3572Dc74Df89F5Fe54Fb62,8
0x27b3B9E43F86077d4F37E26E2cF8A625676e3e2F,1
0x283D1dC7F0C6E52ef5dDb27d39f1751901a0c8Bb,1
0x28430f7eB70406a74FdF01a62C1C162cD3A04f00,1
0x2853F7664766b5E8d1bc2974d5FDCbf683B6D2E5,1
0x2856cf9905D923469bB749e9787Fc953B0a321e8,1
0x285b7EEa81a5B66B62e7276a24c1e0F83F7409c1,3
0x28aC9E4EECa87b5310Cb64fbE8Ff22F498Deae07,1
0x28f1C7448530CaF2B4aFe482BF26FE3d76eBCED8,1
0x2931070096eB37555db212816Ec7f13bb98c5ACb,1
0x2951B1F7058bd2C05F01954002C450BaC0873847,2
0x296C67655be45C491e1fb9De61e611166BfdfCB8,1
0x297b3C4B8bB87E671d31C475C5DbE434E24dFC1F,1
0x2992aE1837fd3E5722495d078b599E0b9C5B2Cb5,3
0x29C4dbC1a81d06c9AA2fAed93Bb8B4a78F3eabDb,2
0x29cEF0Fe6e1db4FeAf589FA3cc94553B96126b8E,2
0x2A243F91Ff748DBdCF3e4a8B02eb874E96844E94,4
0x2B27E5D64b88508b43a3f051aD1ceE399ea8DeaF,1
0x2B7B2FF5Ce9d809d419a5De472511DC2184a9A71,1
0x2B888954421b424C5D3D9Ce9bB67c9bD47537d12,2
0x2BD703b6EF4599f6E0d0aF0FBFCc8c24d46eFB78,1
0x2BFe66759f0331066F3E7D57b3DC9a96bfC17927,1
0x2C3021bBBe1A8d50C200f9489B557377ebEcDF9a,1
0x2C3cf96409AE51b021B035Fa4EE587393a8f67f0,1
0x2C44e0827B6b50F369A7b51970D82cEaD0754B45,1
0x2C7121dCbd8e2288cd3E181D2C3B2477527C3e81,1
0x2CAf97331ffA906B8080165996FE57c6d5EAc986,1
0x2D06FeD0BA1C91B8c594634e7F61C273985B023e,1
0x2D407dDb06311396fE14D4b49da5F0471447d45C,15
0x2D576D5F4c985C3627c03D05475F778dda9fA4E8,1
0x2E21f5d32841cf8C7da805185A041400bF15f21A,1
0x2E6142550ba60C62275BB7dB8057Cf451835f7B5,1
0x2E7296EBc57Fcf7c0b112D2a46062017bE2b1792,3
0x2EA92c2D57E5c3594C93bC999C03bb04210136bd,4
0x2EceCf5a33d038694133BbF3A22AEAFBc96d4B04,1
0x2F6f4cc896F751270f39b41F5e54DC668A84f0F6,1
0x2FA3eDBE6EDc66847bAA81037bAe73d7C3A4422a,1
0x2a6ca22b088dae1Aa7eed2E2Be9C232F2426a423,1
0x2b47C57A4c9Fc1649B43500f4c0cDa6cF29be278,16
0x2bB9F760473cd2695301ab8cf06931d61f0BD4d3,1
0x2c45150Ae4d926D1E17D00D49c26525B44e41186,1
0x2d0Ed1A5D5cdA05e2E2AFe146879795eCe183483,1
0x2dB3c0F42022FDC8dfE70036Fee85e48a24B88af,1
0x2dB6AaF4518Ad553b45f962fC7476d3B26B6b9b5,1
0x2dC58f7Cb47B5bc558B6b0D80a03a921156BA4FC,2
0x2e1C62353efb3743729E1aF6c234b32cC4EfAF85,2
0x2f1162613b382975095CD8C952E5DC27F9fE357A,1
0x2f305B270519f22B71b9498fA3D698c0817716ef,1
0x2f5F2223BA5756EB5403D05fD0b9DF9fFFed253f,1
0x2f858384631B4b4F6b9dC3f64a4bC0eC36bddA2b,1
0x2fc51af93e9D60eAC777cd2E09CB88c67B99ddB3,2
0x3055Bc8db0a3998500beF8bC0980f03f47f8a3D4,3
0x3058A0D5e8E1A7B15dbF13eb3d411ee3EFea70D9,2
0x30B5a6e6f54507E0DEE280923234204B6A82664A,1
0x30Df16cd7D612C5B25bEb0331486b127a42Ac371,2
0x30ddDDe80843855eA3d7570C11A5c993365E5b20,1
0x3112911479ea9d410b54A7c52f59651f3Ac6d11a,1
0x3122df53ee62EaCb775e397CD8cd05f79bFcf69C,1
0x3137344165733fb00cFAe6a2C9Ac3CF9726AbBaA,1
0x3143c21f07155EfeBc08362d85ff8bd6428395Fe,1
0x316B98C6df382BD218186D0766966459A199Dd04,1
0x3186E4e6A988Fb0aC66acAF80FCb3516C8fc0dc7,1
0x31a4F19CFCe1C48f7dCa8C948A87756B77581b91,2
0x31b6B92Fb4E758feda4bb742f1c09dC10C1D633b,1
0x31d173Ea66Fa8fBa38b3DDB798C1c1098f3AE8c5,2
0x31f45f2278a23Ef31A5485d3Aa98178e7F39710d,1
0x32314Fff069f50A22d6Cedfcd23cF5b486062e38,1
0x323794C012DF58d68843D745c75eA536D870c7DA,2
0x324De1A2B630a318aB474958FB5C7A52463f639a,1
0x325c2D1854ECEEc13BD8A6FEbAe584070d6f5E17,2
0x325d2353b3899F830C6b5792e20eA14d379E675b,1
0x326652CD2D325A5B5AE80bE9b5831A4486251da4,120
0x327AAA04D1cD5652a4819AB365d15837AeF333B2,2
0x3280A6c6Ad240061721045981d575812B2bfdf81,1
0x32C8d674e5012e2c2f1fCd82eC650635d137c5c6,6
0x32Cbd4cB8147Ae61401626caebcF193166Ca057F,1
0x32Dc2cdC78cDd824dB9Ad1006e8659dc2EA8d29e,2
0x32EAc51F54C02502415A89c34Bd7D1bCE345DAAE,1
0x32aF6b48574d5601C8f49a986b2eCD917dbEa06b,1
0x32cb4d6093B854061c63C1D3f243347a45A17E0B,1
0x331C6903851feB0d625AFaF4125D75f1A20d00cb,1
0x331fACcC525e1A984bfEF82d419C556eCc24946f,1
0x335147a6afcFE1136d9341c9a264F4A69616AD7a,1
0x335dE2bF5143E67653FA1dBf39196125a98F8a2E,1
0x33C885AEccBde0Ad709638760324F6DEccC8A894,1
0x33FE24D01539C99c50ecbABec91e05B0F802C0B9,1
0x341C03e874B9b245b66C553CF62888439d1C8c49,2
0x3499a461d06E08C799fe59F30557F0F989009D91,1
0x34A903636158a5e5929a6cb87171c7e0dD2BA6B9,1
0x34BF52A78c19e1a4f7D6dDfc76665A45a87236C6,1
0x34bA50A7034E5b1eF1C8a18d8f3BcB74c61C9821,1
0x34e8A399063a051dde23AaE97506A3e417251191,1
0x3557dF0CF26c6E70163513f085Aa5Cf931ADf454,1
0x3562284915C74A8cAa56a0edc656f8a538d6CE68,2
0x359AFe14202A131CFa9C59244606a2b0c26d7773,1
0x35a214b13c9E223B8D511f343aC8Fa94293233a1,1
0x362B2Ce5cd32b8B7c381E064087c0214d3b8F174,1
0x362Bc666CA29D62e0D7b42AdAb58157EC0899A7f,1
0x3673a15cf5566d422C15592A04944d91cd75409B,1
0x36803EEF72A2b2c7d815B4E74b75fb5cC850E349,2
0x368706b2F299635e63B513f93f329FAE8f366b48,1
0x369E32aed1Dc5c33C85ab20977fB645A803E4A70,1
0x36B4FF2A2c79545353F0888090A68a1B79202Ea9,1
0x3753FA57980fd180655c281158E428Ca994d6dfA,5
0x3795c7cEF9b454b0177Ac2A132e0074657EEcdAD,1
0x37DBA16C4f2993228D4E1eA30524E4780ceD41a3,1
0x37Ee670E2294a7aF28Ba34a69aAd31f69d308De3,1
0x37aA566d8D88B3D4379309681E2dc0Ac1b453ecf,1
0x37eC5d0478A7259f7ce3A57297c8c85647EDF7D1,1
0x37f7Ff1864f5D5CBa2b63592656049F2D7D06FB4,1
0x380336041fEd6d3de0C0A1f5079668760CD64779,2
0x383ccca6d1983325eE15Bf7589F3919383c699a4,2
0x38500E17C518C8A309ba00a46b8492dF0ba1CA1D,1
0x386F7e4d32322c41BC616159Fc7CF467d08E9645,1
0x38C581D376af690f92E3a4f4af2CcD0576F9857e,1
0x38d1dFC5D7AbB5B32888499265DaD7786b10fA7d,1
0x38dAEa6f17E4308b0Da9647dB9ca6D84a3A7E195,2
0x3912779A96bDE42eDa610c7ACB103CE624d7145A,4
0x3925010977f345A848076b36447A9a89af9cAf97,1
0x393028e3C4C01EDb1CC16473dd5912483a528709,1
0x3939d22aF089BdfbB96322744234F69dB1aB52F8,1
0x3961B39418d88A1CE6e249b60E0Ba168A4C41eeD,1
0x398118e249F7C2a36Ca1EBdB71212ec870465Cc9,1
0x39E856863e5F6f0654a0b87B12bc921DA23D06BB,2
0x3A2D016124DF975850b84A6A970ECd5725bF793D,1
0x3A70e8C00f3bCf3eb845B6b6928AbA92b465C183,1
0x3ADb0a552e70CD6CA481B0EcaA19d32117419387,14
0x3AE8a332A51361aB6b9159529A1A007804F6F3B5,1
0x3Aa485a8e745Fc2Bd68aBbdB3cf05B58E338D7FE,2
0x3BC52a196bab833947F47CE24600eFa360530698,1
0x3C57Ece6C13AA7946060690aBE03a4F7b90c4868,1
0x3DF51C76e46bDe1416BEF8a8Ddc40d9B2CcdE3Df,1
0x3E247331B5E8dA06cdA48dA76974c385D34239aA,1
0x3E7E3830db5D75D1a75460AD04a8245404E8909E,1
0x3Ec6732676dB7996c1b34E64b0503F941025Cb63,1
0x3Eedb85DA27CAC4ec83ab5A8A38F18b0eDbC7042,3
0x3Ef08208eaF5b5f66611F14d1eEf0D86d19772c5,1
0x3F5da40E20C96a2E442ef6707cDB21f15EFC6723,1
0x3F7a002e6950c101d83bC606E773379AE238319d,2
0x3FaCD0bDDa069434D6311CF32673341B1B0D72Ff,1
0x3Fd1DdF28f604CFe5FEFA3adc38e38BE2F7208d6,1
0x3bb0FE1d19E1f10A457Cd3D26Cd0dB78DFdd677E,1
0x3bc482b13EAf5C69D16a257584cF75b5Ea82604a,16
0x3bc6420c6eEE45ad8Cb3290b5b2F34a8E6893464,1
0x3bd8dEcC868886516A308C44a19F4d62EB574aFF,1
0x3c5Aac016EF2F178e8699D6208796A2D67557fe2,1
0x3cE5E3E3F5a75d1B8490260A9b0a042C41F9767d,1
0x3dD48AD861F0B77D1312F9C95A13e52871Ca95e0,1
0x3dc9c874fa91AB41DfA7A6b80aa02676E931aa9F,2
0x3ddc75311637b1eBa20e5633025b02316b8c0f93,1
0x3e541DE9da4dCC73c7Cfd225D4dA6f232D758393,1
0x3e567F772119f9Db7091D3B2fBBc019CB2244369,4
0x3e661a9E834A2A8b7B41764aBFf273b84aF37040,3
0x3e9B4E75518543E36C502bBA74AA15B22B139D37,1
0x3fC4920C3C83E95E9f5aedA35046964da1d3441a,1
0x3fa91aDfa4397688118B2d7dE72A4744E2BEDDc4,5
0x40051F6ce83bd4fc2145958e262a784b09771658,1
0x4007CE2083c7F3E18097aeB3A39bb8eC149a341d,1
0x400aBc3DAE98Ec5aEEF2681b40D4CEd0A5aff934,1
0x406F1109ab1508Ebe0a7f9bC6E3c307925c8D1Bf,1
0x407E5C8a607A5f3B7d3b4ffa1C51D965d9b13083,2
0x409ac9C16B2CD569EC06bb9eceF97eeFDe0e8054,1
0x40D80168B6663700B6AE55d71a8c2Cf61d0C1225,1
0x40c839B831C90173dC7fBCe49A25274a4688ddD9,2
0x41142092A516f3163F248A7F9A87087047900c6f,1
0x4127143a866Bf5D8AD2AFb6de8e63164B8Ad5bF6,1
0x4143F535c06d72A1B73a6AFF971D4f21Af435444,1
0x41441caCd33778C0a781B9646F4640a95EE53A3D,2
0x41479Ef47a68C5c37E588717Cd34701913246EEA,1
0x41d99f70fe069E8E16C00D827ff58d53EC43E12E,1
0x4207Fb065cba079BC0A487accbdA282fD8446026,1
0x424411F75609375CDbeAD866A8e26615E8281802,1
0x424C71d31127136FD63548bf7BD96b75fD880A9E,1
0x42Ca45B785d87b8375DFf176555C745b27D69DA5,1
0x42Dd6252b9be3Dad03220E8F730C300564d741a8,3
0x42EdC9E6a511bCC25503E1eFF7cA77b635fB39Ba,1
0x42FeeC5c7e7D3c725864A2716CA357Fa9993CCC0,1
0x42ccF4f456D7c7fEBF274242CACcD74AAa0a53d7,17
0x4322AA46ffEd67809862Da613725728e2fb8eAe3,3
0x432DcBdA06e8B296CA29705572D7cb6315Ed8Bed,1
0x433679D1909B6f79ed1782Ab97b9072245D242a6,1
0x434c9C230668dF9146046Dc08FeD388594Ebb6CB,1
0x4358076e8489308C94693dfdbF21A8db425a8b2c,1
0x439547cA425Cf76846aC3D713e5c57E8a9Dc4Eef,1
0x439B5E3B9af606327558ADd370197d3A7C492d7B,1
0x43BefC4D62bB6Cf213A2E9E0236211266Fd15d66,1
0x441982088B562d465980ABEe4225cfeEc3aC8A0C,1
0x443b29e221b54f7bE8C0805859f57028CFF0A1CA,2
0x4442994Dc1852e67FD69532A15E4c76a8A1Eaa6a,1
0x444441E930f1335CB1c50702E0DBdd3B6E1E70B3,1
0x4444A136b1445B1f5e4a20656854adCF6Fa3d667,2
0x4452170774BC1E12Eb52B426dc74a7Ec38B8C17A,1
0x4460c5DD37449B8f10B6De80126D4139F6551f7c,1
0x4477d68F69fEf46b888E7d04251690157dAF70c0,1
0x44dC2ec15b3483Fc8590f6b396cea5f8f2fBf3Bd,1
0x454C8cb20881a1b624266b1DFC995E331fC2FccE,5
0x456B939C025361CB1749E0038763BE4b578C7fA0,1
0x4572581Fc62D4477B9E11bb65eA8a1c306CbBa3D,1
0x459e03Ecbe6078F9981765b8E7dD2106C4E369DA,1
0x45E2357728369E03c0B2Cd542a80Ff394B3CC832,1
0x45eBC736090424b36106c4A29714B10bB19A5C72,1
0x45fBaE76F1081DF48e90E056d693F3BD4B91d90f,1
0x461e76A4fE9f27605d4097A646837c32F1ccc31c,1
0x468c2DAC680F0600bf8C86b6A8BBFfC81f82F159,1
0x4692C87c62C71fc9A2B58f39B99D1304f7f033B6,1
0x46cD90445349e64F895c403c23839e79eb4065e4,1
0x46ec47B66bCd16f2c136BCBDDF0891CF245F2bbB,1
0x47325221333aC85d70bDbc07d6F19039552CDc4f,1
0x473668E5F99e0E0bFa66C2C979e9cd26761f2F62,1
0x4743ed9E06FE530798654E27dB3508Fa14683671,1
0x476eF21bf2A28e59A3605d1854a1b0A4c87C5296,1
0x477Ed32dBa1d62c5be558010F067007c436BBD4f,1
0x484C211aE86e22E4201CeFa8FC2fd9F343dAE192,1
0x487b4705D624B1EcbDc490fA0d645b7421E7c8A4,1
0x48B72465FeD54964a9a0bb2FB95DBc89571604eC,1
0x48f2bd7513da5Bb9F7BfD54Ea37c41650Fd5f3a3,12
0x4900D8590380d73604d2f0c53EB6Bb013032c6Da,1
0x49093Dd406ABFa8413B97B11f6DfbdC57134Ab58,1
0x4909CaE17FD925DbF1E109f219417f1bC86f02DE,1
0x490AD648CF8c807E0F3600989483883268834E0A,1
0x4922fa21986EeC7Ee1742fa26d2C9C7e8DA22418,1
0x4975C0829DeEa96DdEF21BB5479799b7b2EE62Ed,7
0x49BE89682318bc5B79fCf33c51eE2bc518FBa992,1
0x49f12aA0c250e9624D37De0f4d715CefFee65469,1
0x4A136Ae1BC78a3b4E83303D4fAD2C5978F08D6d2,1
0x4A43cdD49823743572c40AdD69B78445c325cCbc,1
0x4A7489a3e94eFc8f4C4ee266ED297d3031f123A7,11
0x4Ab5E3F0b2d1604dD2002CfEcA6163802D74c6Cb,14
0x4Afe1B3BBE10a0b567DBd6203F5fd11B01A63561,1
0x4BF66E52f3009Cd138e48f142D47661037160001,1
0x4Bce1d711EA4e033aD5E7d48d2F63fB24FE4b5E3,2
0x4C8C3910cBB8B964d345005C20599a003aaCb4ae,1
0x4CB571Bc36c18dc3d5503DA8838D6213D8FD0975,1
0x4CF57d42B8aB8D7Bfa9Be1cdC35Ed84429cD2168,1
0x4Cc5b8a073F883Ef1772ffAe1a3516f7010395B4,2
0x4D488285ba529da21c3f103Cbe52a73D1D3838a6,1
0x4D7a19fa20B81E1D703de390e11825D63FdF02E5,3
0x4D928359E8556197f161F4927a928DFDE9c3d1a8,1
0x4Dacd010e15e220bC6C5C3210d166505d2b6c63A,5
0x4DcfC6e74667faF03fCbb3351979a87F9B025c04,1
0x4E609a968abeaaF866fde46a400847A9462F5931,1
0x4E814C17a58449d57Bfae7aAB36A6495dbdeA869,1
0x4F1a63e53E67bE6Ba0f497D91a3259686d41A540,1
0x4FcFcE8c5dA399Fb11999625F207539af1f637F3,2
0x4FeB5e8b30b355653E27470Ef4a1F3D5cd355762,1
0x4a0a0573B9d73D26b425e8fd3bf1b150b3f8A23B,2
0x4b003868bBD5ADd0D1251553b829E58Ba3CdCd3c,2
0x4b5C4C65471E13F96E3fE3C39CBb37B9415cf999,1
0x4b9D53246eD18db31f26Fc59b6e47a9efC3C1213,1
0x4bb402271667A25d31935d13Ff15D2a8f8d08456,1
0x4be56744370b6f2B144216ca94e78a6Ad0b5C06B,1
0x4c1109EBF88879f7873D8b04f18683dad23CD0C5,1
0x4cBb1c3bF586Daa4D0165249161C4b188bd7Ec42,1
0x4cd6B970F42B41Ee58c2e4B7aB99863d5AE52A23,1
0x4d9420dD602560FE45B725C6C8a5aC8cc8A99091,1
0x4dEE9375240B7e77B512fca825A08F391312116A,1
0x4da4A2f69Cb2f61A49EfB7423B1F093B79C6f1F2,3
0x4dce3bB119FD5785f5f40B1394fb9b3F4d78096b,1
0x4deA836ba883f87A4FA941584E73928f3de8ee69,1
0x4e6803822506449EF20C214660c9731e3Bd79DB3,3
0x4e885cA3571919Ee52FC8Ff563fA66a74bB9f334,3
0x4eCb0C8eA80B8c42aC18C405E12880304Cbd7D70,1
0x4eF72636664E3348791357588b7d3BF61d29f4DF,1
0x4f3a36C91c392781536348C03DFB8F6e265c277D,1
0x4f4C0446B8027745Cb3C3c4b240DF693BB0401d2,1
0x502973C5B044DeDD61f4412846526eCC021872AB,1
0x502b69542619449a77A981521aA930fe5aF654bA,1
0x504C11bDBE6E29b46E23e9A15d9c8d2e2e795709,1
0x5060DF4420D844bCE61b97ea5EFf0D257c334673,1
0x50664edE715e131F584D3E7EaAbd7818Bb20A068,1
0x5071aF77F17050477d21350E6DBeAC13b5e7928F,1
0x508f46A66c0F40B3741581a159ab10Adc732bC27,1
0x50A708E5dfE836601931Af3ff6169e5F4e5536ea,3
0x50D5E77a1019B3bccccFDb3E0A9E145Af43A9443,1
0x50aaf4A619be1d52376933f90fd519149ef906d0,1
0x50b5EF5c0b2d65785e7A69A0e711C742B34B36e3,1
0x512E3Eb472D53Df71Db0252cb8dccD25cd05E9e9,1
0x512fce9B07Ce64590849115EE6B32fd40eC0f5F3,2
0x518bFA4dc55f7cC3acC706E2886c24a2F1f93314,1
0x51C7f7FF7A7816FFe65f99739576CaB58fAD7e63,1
0x51Ca368F12a74950f90b1BCe4B00920f62aCBd1C,1
0x520304321Fa982f1Ecd8Df55C30C3066753927FE,1
0x521CF86848E5a240232BbC6678AA4Aa89A28A43D,2
0x527E836E394c0EF0F2a54AEF491A86358D2aCD70,1
0x527d1c66917c91ACfafF873524F98249dEDeaF8F,1
0x5299227765598896bd240220CE1810d7Cf126bEc,1
0x52c9A7E7D265A09Db125b7369BC7487c589a7604,1
0x52dEF6C112BfFC66fC8C8258539d4d8C30c5000C,1
0x52e80cF2b97974e4935A1e1273a1971F70aB1Cb3,2
0x5338035c008EA8c4b850052bc8Dad6A33dc2206c,2
0x5339D626398f841D67B106E3654365e3445b349a,1
0x5365b4472a6E5D8eA296E38f4117b5BFFA61a525,1
0x53797A73169C9cEC4B573db7139703152fe9E41D,2
0x538DeD4D0d461206AE8E0c021d5179D3a31D2b12,1
0x53b517968dbD242De0348A2f0d70D55C1BF7BcD3,3
0x543D74cf340458b1F2a848b052b0db4698F95584,1
0x543fF206Ed1012ae777987A883bfdf0bef70BA23,1
0x54F35e5464222ddecE6e7230AC26fD51fA82f0f2,4
0x54a1EbE811fd624503bB1cB51f94dA72F4Ce67B8,1
0x557068A9b7d66F97A61b97C80541eb17672E1e6f,16
0x55D2cBE4ee7197D201826eD79a804a46dEfFAA22,1
0x55E1602c77e762742d69DbC57Ee5F016Db83f2D5,1
0x55eC183DBa87a23E0a21b5138fC868f1D1732bD7,1
0x5616d6C3DFEBdb6635dbcFb8230a7eFBD2e83e4a,3
0x562257821731283b842cF689Df9941ddBeC3a2a5,1
0x56de2EFf85E255641dA7cFc2f87Ce5fA0f28214F,1
0x56e42e67f1986dcDC8A8c7c3B354efEf57a876EF,1
0x56fb82cdF1Eba7d9d75a1c0961C49aB654B818c2,2
0x57140269c527d7EBCCD2A9766eB8c7FD18E0Bc2F,1
0x57E116836EE1C5745Ef9B57484D3d16a0b24CaBE,1
0x5815d8951967E202d9b5380Fed6C9F0a7FC71C5C,2
0x5825847ef116F3811F565882bcf9B04C5C09E5f6,1
0x58292DCcDb7609540B8520b60d448Fd8395740fd,1
0x584C7A88179C493D12083094b6e335C267d4C41b,1
0x5873d3875274753f6680a2256aCb02F2e42Be1A6,1
0x5876d971Cbcd2E5C0c763BD23487b51dd09dA2d3,1
0x5888B4F0a087A32182CE1A726102a830617338e9,2
0x590Ef336b0617900Bd61201cC34c3CcEecd20381,1
0x5911C682dd3eBA36ad733148c476922eF3cCE5Fd,2
0x599aeabF519932Db28f4812E113C9C102dea16b5,2
0x59B94039429754530807772D2995b6a6c1aB685f,1
0x59D5ad0598311023EDB7a2c840BbBAe2b4951D15,1
0x5A0225da07949b97cE80Da7c80feCCa52E21D36b,1
0x5A2C4E2edFaA654cB1279951eDCcB58c201F6085,1
0x5A750962755e0f7D6dfbD3Fb343AAf24232Eda2d,5
0x5AD25D19638309907E5057B6f4Fcf9be899f9EB8,1
0x5AE1BB3C234cE4436133D4C4b6a8665257cC0aCB,1
0x5AEaDFb02963a44FAea8B9974F5F09B831A41Ef5,1
0x5B435be574D63EBD1a502a23948c7a50832e0e24,1
0x5B93FF82faaF241c15997ea3975419DDDd8362c5,1
0x5BA17875Ea5F3BAA8E9A06aaf973Ba7c21994C40,1
0x5Be876Ed0a9655133226BE302ca6f5503E3DA569,1
0x5BeB8402c384544580f750546c85d1F8850AB840,1
0x5BfCD9Fe67A606A6B6756DB3db647ea166E91AA0,5
0x5C120c427aADD217Dbc747CfB960Cae4a20C9127,1
0x5C19f72f40a5C0e243553701aAC6825A4Cb38D2c,12
0x5C7ca6A93a46aE786D99D91ED423A91d6fa13879,1
0x5C7cf5A5DF5ca98e435e66fB0FC04A9bA883A8C4,1
0x5CD10E00E3E5aa4542F072A52F0B9864E0c4CdCA,1
0x5D452EbcdcFFCb19BEB7cf190911cDe3B538d278,2
0x5DF3B5E9D4c9d447D115D59e7111B809eaB0ED46,2
0x5Da487Ea7278E25288fd4f0f9243e3Fa61bc7443,2
0x5Db2d2a055466E0C5d4CF09869cF2E2CFc47b157,4
0x5E52AB2D84Ee8144A18552a453d7B9c2D3c8c36D,1
0x5E7285B0ccb11b3ed72ADA91BEc281D1eaE4e28b,1
0x5EDAe7594dC0E6998bf21721edA38C24FE200586,1
0x5F974CcA40408C7573976bff175bD99BE5d953F7,1
0x5F98A26988c38062d398a6815F629d4314F902B3,1
0x5FE7aA0A278FcC17700DE800544E6806e396Ffc4,2
0x5Fa8Fa0D0f3d45c997e5d31441f56A4f2881085d,3
0x5a35455c3534fD0B652667e6a94a60E3e9A56546,2
0x5aBEd1844D09Dd6422d0a2446045ee230fB97506,1
0x5b3AB92E283EAdf2CF71a529f2764BBa5Bff462b,1
0x5be28e441F325D8B005839fD69695884f11da063,1
0x5cFeB45A15305F2A7b7D1E7bE542a179A9C2B201,1
0x5d4377C603d5B677d797Cb025e777e9b6B106EF0,4
0x5d9AB5C597269668487F4FEc6Be905516678027e,1
0x5e27A2447b4f19064f0014D3De3bB0777f7b84c9,1
0x5e43055102C0aBc67dCf29908B5Baa6b5f1729f0,1
0x5e4A31a48098bC9e6bbc496c7f6F1f8418C496D8,2
0x5e867FFb48C0a743bAb214748002c63cB0A23426,2
0x5eC5e26D5304EF62310b5bC46A150d15E144e122,1
0x5f350bF5feE8e254D6077f8661E9C7B83a30364e,1
0x5f67ffa4b3f77DD16C9C34A1A82CaB8dAea03191,1
0x5f6DD98a74761939A55383EBf679e0617F7878fA,10
0x5f6a6159B32709d0E8BDfd93dFDfe3a3D134bdB2,1
0x5fEB5216AD5ec7dCD337d391BC90CCf08dD45fc6,1
0x5fEf57EC758aBdA7c9Ca42F2C3Ae4101B0EE44FF,2
0x5fcf6e9C7E97986a14A79a8C7a69B928A7812dcd,1
0x6016186Cd0a7783800d31C9db9bb25a39844F264,1
0x60446978DfBD2aa78172Fce6482829Df4a70378E,1
0x604591fCEB9DFD8Aed673d96C71027744934c238,1
0x606f73Acca2A45E1514690ed03540eDA217277eA,1
0x608a7a10EC8AE5cA837b4B265808bfd172047907,2
0x609B0B38a741472F237AC68B3d57574BfAC62D42,1
0x60C728d2A606d9Fa24E9Df0739a9E8b27582EC60,1
0x60e8b62C7Da32ff62fcd4Ab934B75d2d28FE7501,3
0x610c92c70Eb55dFeAFe8970513D13771Da79f2e0,1
0x614D98a57A5D879D717152dE0690ed2b04562adE,1
0x61524303810f8bDD61aEf58af39355Aa353DeDd2,1
0x61572ca1C6d53011e9B5318aa26dd285C7df6997,1
0x6165fD87C1BC73a4c44b23934e9136fd92df5b01,1
0x61751BC401f4EABe10A238661B4A60ba84910059,1
0x618626FD7fDD3E32C2650c0dde15D6913337f0B7,1
0x61A9136DEcd6d5eda63c3fD9adB0358F82031A90,1
0x61C4a38D7e9ea4095FA7D507CF72Bf61eb5e1556,1
0x61e0822B7077A55148952F2ec43F0effBB623a3E,1
0x621f2A5ef987e064E76da1EB378e7193CeFC0baA,1
0x6221b8772e58E7B114D7B8e4EE400bfA8bF57986,1
0x62759A6047A0768A2F829dc94EDF1129041c03C5,1
0x629898596DC5f16c31aF69382AB7985654332e78,1
0x62d589BCAcCAA636827c5e0209468080ff4577B1,4
0x6317BA77Af3B202D29e85BDb8600194874648d54,1
0x634118B21fbC1A53B0D7bcC2fcFa2E735a3B0200,1
0x634cE16a321aEc641b32771D72EB9A31c9BD625B,2
0x636bF582087E3D52E9790dFC9e86F1a1565cF96F,1
0x6385AEae7C6A8Ab8213703783bf7630af10D83a2,1
0x63A556c75443b176b5A4078e929e38bEb37a1ff2,1
0x63C03b9553fB9Df69e79A9E1C1D75a8024Dd48Ac,1
0x63DaE0946A44eeeAD00C8B30ec206Fda63F7DFE1,1
0x63deD17a92468166638128740F44Ff4EcE5409f6,1
0x63eAf0c0544c99d9DBDF550659Ef32d3664Aa567,2
0x64139e6fD19BEcf086A89dC9c5729383bc5eA63a,3
0x641cF19cBd83666D8E21652981DB09088568528b,2
0x642a21829DFD2fC84E9717661159eFa5119891A5,1
0x6442c72aBD1a9d14c303277a8C994Fae295b6BCB,1
0x64756426637e0790F03600c61F4ad779fBCDBE10,1
0x6477241A2Aa2742e2bd19A4374D9Cbd6d78A3d31,1
0x649b2C98D4C3e2740a205da0405E7391BAFbD7e9,1
0x64A35770c035Cde4163C3535D6FA5485B1C5b140,10
0x64f8e38e19c1B6992969Dcd5769c149951018Af1,1
0x6524461F421b13aceAe4a925bF5E2E4BF96dD72d,1
0x65A6a51CAb9A23d0937416b23692327Ef7CF7934,1
0x65D3113F809180b1E263F38B8404941A6A7F5299,1
0x65a7C3Cb6d1C3cEf361063C57936d9d4c9D7bCAB,1
0x65ed78c554fc4E43F7e211B2AaE62ecF7d1aB99b,1
0x6687c671980E65ebD722b9146Fc61e2471558dd6,1
0x668b1A719FE8719c6E26b83e4AbFfCA4948a1e48,1
0x66Da63B03feCA7Dd44a5bB023BB3645D3252Fa32,2
0x66E540e8c04CAbCa90133F64149a0C4347EB3881,9
0x66a50E43d4A3d35c1E208958914dd18204Eb2175,1
0x66d036ca276a6690731724987c14bddc27590a31,1
0x66e1ac8CDF455B52B7e71E6A2F0c0F7d077aAD70,5
0x66fCA1A92A8c783CcF1DB5C5884Ad7C7dF7B57F4,1
0x670E9Bf3aA6A024249D0bac4a608eBA05C21FBd4,1
0x67428dB4518337Acf529b07B0B837B46fCFe0819,1
0x67576aC21bb3A009A7a8a8609f0a22dC64eD644C,1
0x675Aa90b9B16ef34c77F1DF7100ed0C6b73D661B,1
0x676F3D2c9f5776E09D23986Adc6684fb41e9000e,1
0x67D21ebD269d61Ef8cD9F0f3698869b3d818a4B5,1
0x67D9057494e2E1B7361251043843Db3c2ABF8177,2
0x67fb85Ab148F2b73B61fa0dD287ADF3c7d0CA8EE,2
0x67fcE32eE0F1F9d27f3745cc02b1b49D02aEc0A3,1
0x6805e260dB96cB44AE9154A541E60525cddcBE98,1
0x681Cbae1C41e5eeC8411dD8e009fA71F81D03F7F,1
0x6827497B4336E5BD41ABD5572E47426d5BB392ad,1
0x6880B7B56bc72360A57385732C98Ee822e116be6,1
0x6887444a5B74B746F56ae08952f4e1B404ff7ca5,1
0x68Bc5fB176310ABd89a22F956484331f3D7f08Db,1
0x68a296155D77cdC4B9b646f18bA5E9236284d4a3,1
0x68cee3e57BAE218780274Fb22248F35528b94B6c,1
0x692D690091bfa17d7c3D688413b8F34c474A757C,2
0x694bCcB90d8aF7528b7F4Be66695e920aF466a10,1
0x695589d2Bc5A63DB1e830B1DA7a07de73e58C6a8,1
0x6959754dDe646F5366A80cCE848daA606AEf7F16,5
0x6969ecD635A4C155dc8cd1347a5365603cF77b4c,1
0x6977e753e022F65eBEb170d8267b2EA54a431523,5
0x69E6717964273A4b031242BfcC904469ED7171dd,2
0x69c509e9765c49CC6B9B4568b90Aa47B89F4992f,1
0x69d235d4bB1FC571Ea1b3985fa4e631b255252b9,1
0x6A121112d0adC380Be81b3F3aa4cDcd7CDAEffE4,1
0x6BcFB1F96A3d270F00dEAb39Fd50e78096576113,1
0x6Bf97f2534be2242dDb3A29bfb24d498212DcdED,2
0x6C0aff3a716292F37c79bc726964941f1D8eE819,1
0x6C53bdF34aA69380e92D3b316959EE336f88e1F8,1
0x6CB13B534E14d0906ff6113f27714AecfA286C25,7
0x6CEA24fC1E3785252e280Cd8245351fB2D86E308,1
0x6CF51FDeF74d02296017A1129086Ee9C3477DC01,2
0x6Cd68E8f04490Cd1A5A21cc97CC8BC15b47Dc9eb,3
0x6D526f6b4C86FBdc8e359e6bef4Cd6a42aceA2d7,1
0x6D6C2eFb35F7baeE1d159De78538bA296ea5E4B2,1
0x6D6Ef0caF7334a62AeA860D40B1FcaE131668774,1
0x6DCcEdAC5dA6c5fA8cbD7E05e1cF24D9D08C52aa,1
0x6DF304782b0866d2538C8fd2e46904A7f2AE321c,2
0x6Dc43be93a8b5Fd37dC16f24872BaBc6dA5E5e3E,1
0x6Dc4cd14Ac30Eb653a751C9f8aD14575D36E27a3,1
0x6E5622807DbC21c1CCEF93d8A8d0Ad50Ea5050Db,2
0x6E6034545892b8d514b8e7859413333FaD43A0A8,3
0x6F1821A5fa09C0D1c833BA714f4AdAE3c8A8eDD9,1
0x6F2c254674e6439fA8b85aBE29D8fD13BF5D6D7B,1
0x6F3aC41265916DD06165b750D88AB93baF1a11F8,1
0x6Fc5166e50EF1b934Be02f2b05Eba45C5F8EFD40,1
0x6Ff60E1CF749aE639fBE124dDbC2178c4C988203,1
0x6a5dBF2Fb5206EC8192620810C3edB6d5e62B188,1
0x6a6b0DE1D0cb60D179F521B09ffa6c290d6506F1,1
0x6a8b11e0c5B4B1f3dc559359CFC1fA0eF7ECB6EA,3
0x6ab615CF8deCFc488186E54066Fc10589C9293A3,2
0x6b4A4E3Ce8c95bF77FD31dcdE1e2e9c69aFdFCF0,2
0x6b81870d33dd07509c698f5289A139e190bD8909,2
0x6c177BC8087c8217dF0e7D9df0C2815B4026176F,1
0x6c1D01b3ae9494ed72666B413409FC8D0D46ECe0,1
0x6c3C301bB3AF46c86205844c7Ad9eF8bD6593BaF,1
0x6cCdC6850517ec7dcFb08Ba78707d23066f463D3,1
0x6d4553323C45bCfdD087F79f97106B72318cB9b8,1
0x6dc88B231Cd04Dd1b1e525161162993F47140006,1
0x6e556979Eeeb38d95187AA6246a0b7f9DaF538e8,1
0x6eAba52965Fab0B404bebbDA594A2BA72Bdb6288,1
0x6f6B7FA2349D40E3aEc7CF198A6ec1321aC6FB29,1
0x6f8527A795C19cD367a6cB8CDFc51C57a3FBC818,1
0x6f9BB7e454f5B3eb2310343f0E99269dC2BB8A1d,1
0x6fD1c5608027FC6759777a147594595411137FcF,1
0x6faaD3C23Ba7F04db0b54B87C185cE4fb2676B60,1
0x6fb47C08c716dcB8CdF964F0c95bFc2c82206FCb,1
0x700CE029b0f9d89491321199908E6a46C38e8e9A,2
0x70344D6FC00467C13a58742766431D7477BEa028,2
0x70484215203CcBeDB80ffB36016E4e77C78252E3,1
0x704a7e5BAfAAC4E6F8755db171872D9035CBF09d,1
0x706e714e63eabaA8602C209ecc92943655E0C7b8,3
0x70887998fB4f5fdedD269003289083fa1581932a,2
0x70b7Da07a9A3AD75A203a18De9DeF3c58c3702f2,1
0x70e7A6621F4cB3c3E073D0539899F49fC88424C0,1
0x70f53670045EC5B0C8E90EbB7006F8C4E578d8CC,1
0x71232EAd3BeC1AC03eCfE2556acd6c7D0bD349C7,1
0x713282ECe7b1e34Bcb88c8f1922561A4EE369772,1
0x714D8b5874b3a6a69f289f4e857F4C9670074296,2
0x716759e8ab31CdB4bca2f693A979b23e6020d4Bb,1
0x71b3bE57E127360C92815772f0af2eB7B8c5C921,1
0x71b5845648810A261ce51f6E31067c02567C3a06,1
0x7204C8F420368FF9d414f93A95d644A857728488,2
0x720723842a049C8971624c1363B1E1Ce312694AC,1
0x7221dCAcdaB745ebC827578DeE7c46ebc41ae7Eb,1
0x722E895A12d2A11BE99ed69dBc1FEdbB9F3Cd8fe,1
0x726CDC837384a7Deb8bbea64beba2E7b4d7346c0,1
0x7277F7849966426d345D8F6B9AFD1d3d89183083,1
0x729FC2d1ed7B062A3F6723C2565932Fb4498a77D,15
0x72B35F891bBA1e76c93E8f265837F75A4599C11d,1
0x72D43efDcEaC4150620E849337cc2728aad3A3d5,1
0x731079714c8D2621994b8427A87e4a857691BBEd,1
0x741902764dc3af99F522a9f089b610bFf4267b00,1
0x7463602B41a5e33c87875F7BEa24c7eA2FFa064A,3
0x7494Eb2916CAD8649F4f91eB1DB6E20bE605DAd6,1
0x7496fd894f546898D49e9A79462c9d803dF68394,1
0x74DC3d7e4a813e5D5F399De94C6772B849656F4C,8
0x74Ea811A58916e6dA0461612F5d74bDd48F60E2F,1
0x7500A4b73e84f6597474c262e328A45064257e4E,1
0x753aC33e53a1C56C68668487E45B09488fD0fb26,1
0x7545dBf11599BD7229114E34a32B1844Ed9fD1EE,2
0x75487C1db799A5dD6A1cD05193fa85156E0f6a55,1
0x75542D9d12FB792BbE9425F09641fA0e0a94D13D,1
0x75B9B236801B273003beb57F823b434AE49f1be8,1
0x75F9804edac97EaD7F2E26977CED2D818eD7fBDb,1
0x75d4bdBf6593ed463e9625694272a0FF9a6D346F,5
0x75f7A78BF1e7b9fa7Afd9D8F197656a8E79598a1,1
0x769b100C21cCC90Dc96ee15B1Ff888A446dbe4D9,1
0x769e5388beC13b0e338F6a81Ddb665f12BB00b3A,1
0x76Fb1a0ebD7Da4e1Db53D147c7DFe8Eb0C9164F6,3
0x76d3a0F4Cdc9E75E0A4F898A7bCB1Fb517c9da88,2
0x76fC54b4eC08917fc4a7FC6a72d0BaAff9861ad7,1
0x7701832B38C4AF966b4b171b3E15Cf8208042A4d,1
0x77158DAB6bAceE69a66218FDd295C8fD3D78d79F,1
0x776Bb13249F51D75251F37C88f150eDD296802c8,2
0x779e76758b5538084136132Bceb6a672caCDB726,2
0x77Fc54677F6Cd1C3A669b9c2Ff032836aF59c5b8,1
0x77fb4fa1ABA92576942aD34BC47834059b84e693,1
0x782bFAB7fCD773080cF93bCca27268f95e064277,1
0x786f7Da0E3B75Ca98709556A1eFe9820b4a301d2,1
0x78805Dd0a19ac89AF3CC334C79330e6Ad9cDaf0c,1
0x789e3B871696E5E6f122C74da94A6397D27296e2,2
0x7904aDB48351aF7b835Cb061316795d5226b7f1a,2
0x795076b0F5ceA89E45a493acd2721F330FD79B73,2
0x795f7c269f67235aaF5a6F6d454d4fBd7c13a8B0,1
0x795fE6F884eB7599abfa814aea3Cb8d0B3CC47c2,1
0x79877981FaC40440745c0433EAA600b231Fe5306,1
0x799d4Cb5a154b141a5A5735fE652D49E133ca42A,2
0x79aCBF17da6520D923673a285955BBBC468dD609,1
0x7A13BFC2f21809A0eC1c8f787DFA5136579EB6D1,1
0x7A3f01Ad01979DaF089E5aeDD7d7E0825CDF2266,2
0x7A4c6e32C31a56bdd78DE86970180D8A0D613F57,3
0x7A62D6cF2517aF31032a947FFDD8A385B45C80Ce,1
0x7A7886566a74788a63Aec5F6FE0CC56570B5D4A1,1
0x7AD349837Cc647B344aab3CaEb298F7c3D68abAD,1
0x7AEb07f44E208290676EAE75EF94D8F69BA8Fb41,1
0x7AFe134BAd08E70f3143c5212955239Ade95364d,2
0x7B640407513Bc16167ef3450FD6339803982e976,2
0x7B6441b66CEeE223ee1b52402199f0ECd6D500cd,1
0x7BAFC0D5c5892f2041FD9F2415A7611042218e22,6
0x7BfAf4C59aA4F011672b8e77789e1eb41abd654d,8
0x7C76f743337cB33B4cD38366aD168bd9eF01F34E,1
0x7C9Caecf76D1d74F6621aE641C4f30488Ff27875,1
0x7D3447F3D8c21B1adb7359B2e51bbFF42eC9a32d,1
0x7D4B0d99479CD9F4DC6e4AA59Eb82a6fCBF882f7,2
0x7D81251C7E6091508967B2DefC61Dee86548335e,1
0x7E3b9e461D1Ccd4d0Ec4CF09Fc1De9D6D4e335Ac,1
0x7Ec97212811cF62152Ce59b5CE6CBf81EC437f25,1
0x7F1CD22F3E8DfaC287cB6b1D29a4D28ECB797b9c,1
0x7FbBAB92ae6721419F8C280ed763C71c58280EBB,3
0x7a6CbD7A4562021FBdc0aC328c6C572Fd703087a,2
0x7aEF2D7671EFb00A7196eb4BBd8eE7a2ba0e5de2,1
0x7ac34681F6aAeb691E150c43ee494177C0e2c183,3
0x7b5e9298A9Fb94a8186159Be4B7673c340a30e89,1
0x7bfd522DeA355dDEE2be3C01DFA4419451759310,1
0x7c218fC943e54B82ED027cec922d364859bf1Ead,1
0x7cA05fdb940745F73CdBe6D5E0bee2B7D008A2a3,1
0x7cFE81AE8f253EF9ef7341B1C79311a8756C7c5F,1
0x7d21D6f8e03746BeF7fB64710C1569505F76dC18,2
0x7d4c4d5380Ca2F9C7A091bb622B80613da7Eae8C,2
0x7e023390133398fEA29AB8Fa950C3D3e36939E08,1
0x7e4c3f2751A1dF8e2526cFf72133AbC0cf6A06e8,2
0x7e6D8BCA8f505cd09822B0986290E895217C9D9D,1
0x7e72500397dc243673e709CD7130de1F1Efb456F,1
0x7e7F6B58Cc894C3A65b301944FfF1e2146c5C7Ae,1
0x7e87D10e42ED13268bDA15C8056Df91339767B4d,1
0x7eE0b99831e07d67B1f4eE689B2feEFA530183d7,1
0x7f18EbeE1ca176606AD2758c2Fd43d4b5fD708bC,1
0x7f534820c3931B168b1A46e16f677ae9bc4914b6,1
0x7f54e1848dC935f3AB7D96EaC8D447d3b999413e,1
0x7f848122152AaA1CfA50eB0E3f97c1aF6cb74E99,1
0x7fC65Ccc5c9C69080d682e0930849301C7aeb524,1
0x8017Ff21bc4972d84a4dfFf2141517dAeFD0c256,1
0x8064EebD2D1CcD4290924665eFc17c8F2da5bfC4,1
0x80750bDEDF97f7f7B72Af43Ebc0ed37dA210BE73,1
0x8097A41aE28a1aE6e333A8dEfC9d59E35a5f8945,1
0x80B553c141E7CB95fBEF6C44cda86F3C8d98656D,1
0x80F70B68e8742f4CaEFd541B086902EE8d556495,1
0x80ce23383FaF261A089f00AAE8a4aDaAFEd643A7,2
0x81714b9d10d642F70b9b199c06054488101416aD,22
0x8175732F812aF3aff7cF5f73dFcF947c9EeF279C,1
0x81B55FBe66C5FFbb8468328E924AF96a84438F14,1
0x81Dbb716aA13869323974A1766120D0854188e3e,1
0x81E076535885D2Bbb2A691E49fF654c430656051,3
0x81E886E84542846558aD409519BBAbF152Fd2c08,1
0x81aA6141923Ea42fCAa763d9857418224d9b025a,3
0x81cc01fbdA24f6e99A7fa8812BcBBF2A454ba612,2
0x81f9B40Dee106a4C5822aED7641D5C1e2B40F922,6
0x82427A5027D9D54134c8e24847D7DeC9FD552e13,1
0x8262f26CAD7855061a9bE91f8A7e1896225FD066,1
0x828920Ee37fcF523a920290Fb9e23B3386382497,2
0x8292841A46390F3a01FA4BefEA4bDC88E85e42F8,1
0x82D37c61265136d4E3fF55Db213B8bAfeF1EeBc4,1
0x82e4D78C6c62D461251fA5A1D4Deb9F0fE378E30,2
0x82e8D509641fC143c628B5252c9F6f64243319Ad,1
0x83195709C4DDA9DaC7d343B378c9CC17Bb6344f9,1
0x83B5654564cAEe5c8E86a314B4E62330Db99Ce16,1
0x83D7699518CF8c97A3C17589DE145d819fA41a3D,6
0x83E81d747529F0Eb6145b149C438aB7f9BBD651C,4
0x83e55e0567cfBE56cC9Bf5c4747Bf22283b12720,1
0x8400f6f843797361B3862D7881507bdA86b30084,2
0x841DD9A19e9894849C27580A68CDC8886B8D07A5,1
0x8448F455FD23A7D347ADc630Fd3902443c34117C,1
0x84641137BaC4Db68DE94Ec3D2ED89acE0AA88f20,20
0x8468c6Efa8ca7ffccB2C31D112e5e9331A469867,1
0x84aBD78727950Aa776f7939102f51Df6B166ab84,1
0x84ab28Ce27a387Ff7c356775b464102D9281dDEA,1
0x84bC1fC6204b959470BF8A00d871ff8988a3914A,2
0x84f764445555fBdE0209B00b32ed85B6cCC33263,2
0x851EeE2ADF3b40c15B100DEdBaDE93DBEbE84219,1
0x852120F39aa14fd3dcb575f17189C3Ae0e0E173b,1
0x852eE519D3cD3a55bf16b9B500F04DEA598a1772,1
0x854F1269b659A727a2268AB86FF77CFB30BfB358,1
0x8564DfE89F25F6609Af4FFbd1a57767c0f1471fD,1
0x85670c918fd6A80bdc92202C59D20b6E0c01C7E9,5
0x8574C1DC186cbe21cf4417C5f98A40ED459ac819,1
0x85dF0a08CfA80733b3fE0D929b8a763C9eaA9b92,1
0x85f1dd38ED67DD2134d0c0bb27B6628bf57eE705,1
0x8612a3992e513C1D306999d6BAa7b36f747058DF,1
0x86991eD295Fde505bC860c21Bb6EcfbFcD503a9b,1
0x86A41524CB61edd8B115A72Ad9735F8068996688,1
0x86D8DC427b4403fC533ec40ca507D5C14100AF24,1
0x86Da253817DC599059e3AD5A1F098F7b96aBf34c,2
0x86a1d85Aa48343527D659A5682102D585a4B6fef,1
0x86cc7Ad354441bAE1304F55C1F6df8ba98D44Af2,2
0x87003967CF7CD4f82e6ae19d189CF4C283259663,1
0x87616fA850c87a78f307878f32D808dad8f4d401,3
0x878689A1107f9064B2B7cfbc09BfB604D159309F,1
0x878CcA1F123fD9702E8FDf78ED6EE35a44Fb6085,1
0x878bCe522c077C62CB1aD1E488c65C0A2e58FE9b,1
0x87Bb1f1723ac6c6B341a5Df432f5a852d49ad12D,1
0x87Cb98d421af4cf893ec2dF8A13DF413611ffAd8,1
0x8842b7E5fA821Dd3dB5fd392ebf714f436FD0ed0,1
0x8847EBaaf29A18396e49191602f8d8D141b98aa7,1
0x885F12B525218Ca9377755F9a534CE230Ac5D2d8,6
0x8875a6B3E85fEbF1F4773CcA059A8c0C6DdA6485,20
0x88888526D08f1d28587C3bf362A845d9e2088888,1
0x88BB8b2b32201fa3Ba9fCFBb757Ac029F9989610,1
0x88CD459F0CCa96f4c1c6Cd26E1C77B76c23b77c1,3
0x88DB7628F124fb389d96421F48D351e06ea30716,1
0x88FeF9A2559d35d14044e1222e5a50121b04a370,1
0x89621B037cdAF3629aB9aA6079Fc0Bd77DAB46fE,1
0x89643020e320d43B1b801D27438573476C5272C5,1
0x89688542873276Cd7d9Cea936b25F37778a593fd,1
0x896b94f4f27f12369698C302e2049cAe86936BbB,3
0x897258C8557e6205f7747b9cAe593dB334D8F5bf,1
0x897a7f6Af47881c62d7CA7e3Dc5BD8A1341Ad8ae,1
0x8989859156070A1Bc64f8833DbbC19dC1Bd1A2b8,12
0x89B537D4E0dE035303Dc1BDae18394f7A6C15c36,2
0x89D11c2cf067Ab7359C002e348397B25579F2c96,2
0x89E13838fb1b2DB7A790A5284Ab62B0d0A50cd29,1
0x89c38e78669E3F056C246343E6c61d2C92A3db61,1
0x89d34B4E0835398A52286600B211bF79691f2F08,1
0x89d394418eE349D26AEf5D0a3B9e3378f0CCa16d,1
0x8A116d53D0Ec4bE2BF5fD8bC9BD606fA30be4224,2
0x8A5a244B08678a7DE0605494fe4E76C552935d38,1
0x8B291f8e02926fEB062c6Aa8822B1Fa4E64Eb3d5,1
0x8B3d2B7F0E3Cd658eDD468b13dB59090C66B421D,1
0x8B600c7Ef1D97225860a7996b63c5b8b116182d5,1
0x8B769ed05854Cf291b56932a2d33170B6C27af14,1
0x8B9FbDCa3De0703a01C4bBbEA139ED623acae2FF,1
0x8BA505564E421A12E3c99B3F9baAFadbbaC6957c,1
0x8BB484E9a49B12586fE3243f8bB364E9F61b3C2F,2
0x8BeE0043B5F369367Eb694489305962e72B453b2,1
0x8Bf64312bE1d4E502dCC0533d5cadf0a4f8D551e,1
0x8C384dB3ce4b6016c7930b4eBdDE6DAe6Eb8aCcC,1
0x8CE17FF2c7376e9aDfe9C63C47a801097fA6C525,1
0x8Cd9F9C08C6a3f891Bc570f1D6a3dc91C1F62Bb0,1
0x8D4828f91E3981d1BF7c8042BeD867b7eAF3D541,3
0x8D7ee51Ec16a0F95C7f241582De8cffB9A4c2293,1
0x8DD3a42CC35984D2254C6be1000e035C5ba7Ade3,2
0x8DEa9139b0E84d5CC2933072F5bA43c2b043F6DB,1
0x8E6c25F50D4be1e649e61B331A804d11B07a5C08,1
0x8EEA1d4C3C6d29C2E2B312FB0e7d4c81aF87DfdE,1
0x8Ee2D33DBea25420fe50522Bd2eB144b9A8D86Ca,1
0x8F54Ea0807E9dABD056aF981718a95372399B455,1
0x8F5B3CE721eb7a0EF1DcF75eBFDc0A37Ffbb95b0,1
0x8F5CD1a453856e175c433BF8A0A4dC2acb2E7Ea8,1
0x8F61AE0f558aE15567EED4fC678270AF83f58e7A,4
0x8F6DA831710A8d30De1111AAF28C697AAF5056dD,1
0x8F70b3aC45A6896532FB90B992D5B7827bA88d3C,1
0x8FAaec0b32B6dD0DD608aC0a906eb11CA9f34d6f,1
0x8Fac841807E21807F511dAf3C04a34cd78661F4c,1
0x8a3fb9E2bA147BAd2BDD8fd8BD3a699E27cd2eB6,1
0x8a50CA7777fdc9114722e14bF50A7e0a8cBd7b38,1
0x8a83716acd66D9e1fb18c9b79540B72E04f80aC0,1
0x8aB4a59CE1d0ee9a384F9F349cB938DfC5BC06eF,1
0x8aBc16e919C61D5863b34F920dfb4Dc4a97bF036,1
0x8afaeD312996c8a3984c83e9d092fAa970F9D055,2
0x8b187EA19C93091a4D6B426b71871648182b5Fac,1
0x8b501A6090Fd3c6b905B1A0099E2E216a5a2D40d,1
0x8b975b1067f1E86a36252319e57279942286fbEd,1
0x8bC3332B8BfD8Fc73d23Ac34F386991Ea03c5398,1
0x8c2Fd016412d9449dA4b1f8a3b0FC03868F717e3,1
0x8c9EC6A671c6819e84Fb325604F73E321af0B5e3,1
0x8ca8D2CBc07eDF6512cadA0D2573C8F4802a1989,2
0x8d138c01765483cB79d787ce5933F609CbFDabcF,26
0x8d2E185E860e5e2aa61bFA25A59380d91f27d75e,1
0x8dF5513dE0DD1A9C77a5f3B40B45f79eB0Aff5ea,1
0x8db903C0753DdE0E7DFFFA8310357a741b3eBEEF,1
0x8e2F7D5aAAE5ABbD5052aCb74019b9b11cb74349,1
0x8e31AC5303114f6d4f779a7e5eeA6EB7709308c2,1
0x8e3FAbF5A1E4B773C227d2646EB2470263D3a1bF,1
0x8e51014e26C5A09816115125E034690bCDcf2a7B,2
0x8e5F1a8959236545557D85ac3f68D0FDD8159552,1
0x8eb596f1DCA53B2B92a994F96ef067E0AF5e0756,2
0x8fd05381267eEf20d82536E93848E8a7801AAcF8,1
0x900d60684B0ba29D8c209CaFa4FB9A202De8e0ac,1
0x90286dA696aAb72BC1C83a30Ecda05B818f62f28,1
0x90386491af160c384e8297A5289190D3a8d22A6f,1
0x90aBCf1598ed3077861bCFb3B11EFcd1D7277223,1
0x90ac47bA084c85c24391f55D389B8622c5db0987,1
0x9116BcFf11c1A15FF03Fdb0976D3De29b859E8F3,1
0x912043c9DC6A2Bb5e3Fe477016901D8A4204925D,2
0x91212de083d29342F670FB69Ffa68176369e3B20,1
0x91408396Ca5DeF6F9812f769C975C93Bc8D762CF,1
0x91501eefEb0f24990727e3a58F65E7f55BF13668,1
0x915782DB070B286375C4B757f63fC9a81c3E93F7,1
0x91609451B6a5775608787f3Da9501104935D3b25,2
0x91646c2c2fF05C4e9822740b0aD9d8B3DA51382b,5
0x91D5EE18c018F716f7155b77c3eF8026B52Be873,1
0x91dC9cbe4Be1Db98ce09634b16987857D138C109,1
0x91f377C38B1646C24eFe5fF078ab2055A8276340,1
0x928Fb06CfB8cB073E4339E842D6AEE37322240A0,1
0x929774478e0aB60e00a67Cce4910d49dD5B4600f,1
0x935D2fD458fdf41B6F7B62471f593797866a3Ce6,1
0x9371a03a0F8343C34218F4130640081Da75C4689,2
0x9376469e061F2370dcbB9600f8D5269183DB7441,1
0x938FC906c21A8c58Fa3fEada9F565B5bb003C124,1
0x93BA4aB2F32c1462A7e7603707F73FBBeA2AA698,75
0x93D020b0C5158939274235EE9E670eDb9612726e,2
0x93b52eBcBa12cFE758f13285147dbc3b43a9896D,1
0x93f263bDa652E5061386284A7d3b6Ea0cDD27852,2
0x942f8a3E5A22584f9214720FaD0eceBEc0d8dCCe,2
0x942fEC89e62C34Ecfb26694654bEC567FBDF68B5,1
0x9490113B0ba1e014feFB68eF688359F58883d965,3
0x94B1C5026638D9F2e5dBebC5619db81E5AC44Ee1,1
0x94C840ff0DB97bCbD4058AbeD14Ba3721831b622,3
0x94dF3873CdB0347028464204f7275049D0bBAC22,4
0x9597A598024f1D8097c42d13962043F2264689b2,1
0x95CEBf9eb34c37334c3b882130d64d82F3428c99,1
0x95DCFAfE22815Dc5950cC877B2b54033264a088E,1
0x96038c67EF18F59597D42a1A2459A31874681917,1
0x9623A7dfb605f693C9725278cF78bd2F53F0D407,1
0x964b25d3FF75e9566063462262B2898D4d1B3Aa4,21
0x969b4C148F459B3353A869531b5b5Cc6C0fAB3b4,1
0x96AE65b7a604E1528c1076eDf31825bC30F621cd,1
0x96Dc89dbE84970ee42A2F0B35fB50599e6745FF8,1
0x9704f6BFBe242345a499037A7FA288faFd22081D,1
0x9709bD2fE6432d5C5e512050e4A2090cdBF788b9,1
0x97372Df2013F6Dab65d4cE37574f8407e71ecD34,1
0x9766be27F6c266d283353e8F7453863fFCC1c39A,2
0x979704f065F14FbafA77dF65fcdDB39e3488121f,1
0x97b90FBc8904F861F76CB06BFa0A465b72C5E662,1
0x98229Be8F39E273fc1dd021687ff6D545583B94c,1
0x984F94c6CB3f10b9F226cA6F472D13271332e7F9,2
0x988a06D33Ce5e38A25c392c7323aA4778d8a8260,1
0x9895416fF4F860ccd206550DfD90D5757C706B5B,20
0x98D539aE90481E921fd9fb826500F2aF06337555,1
0x98E9dB4FEafc72D177C77AED8ee97F4DF71EA681,1
0x98Ff843132691616dCE7e5611e85c30210563b22,1
0x99259430cE64F2718A5c5eA1ed5e2e5Cf673b100,1
0x994F16B760E5549bDA0e8C9adAB0809552452e76,1
0x995F75C5d0c4602159d568c2BCeCe72C575A0fFF,3
0x99721A9A4B42B8A6bee1d7f1f9E51D9AFa4C29Ac,1
0x99763524d43a2560FCf5836E105B713060aCff6B,1
0x998484c1f928F60B6a88342AccfABC1f489f549C,1
0x99975708019d2e354464F528feDEA3244bCf6426,1
0x99999990D598B918799f38163204Bbc30611B6b6,1
0x99BC02c239025E431D5741cC1DbA8CE77fc51CE3,19
0x99eb33756a2eAa32f5964A747722c4b59e6aF351,1
0x9A2A3944A72d595AFB7C285A3777257eCfcD62B7,1
0x9A57bfa441d2d29dc19997B70C87c3398c2523ed,1
0x9A6f0De94cF51e9FfDe08977f5340764131E46C6,1
0x9A7751ED3560D9a0Ed0A33d6993A95d873023D8D,1
0x9Af991c12c185a688f05f62eD129134436610138,1
0x9B03fC27d61d22399A0CA5f011Be7e0CC869b630,1
0x9B590df06a4bE7aa7cD1A0CdE72FA6c49abD6720,1
0x9BF3EF3790EaA42bA4462a24a59983Fa46249523,1
0x9Bd2dd01cCa620B45b0682f437008aB6cE166772,1
0x9D744ab141D8a166142332c06031C9349A5ad8d8,1
0x9DA423a15a87E145d9dAEF73F30A710cB4106BD2,2
0x9E45e28522842265b6B0f534164fd73CD77993fd,2
0x9ECd3F09F4C6d9Cf04728fC9DE4feEd87DfA4683,1
0x9F5141e8715c6691E75188BDA726Df54c14721e4,1
0x9F615eB8a55d8C23b2b5d38B16bD1c1B0fBC331A,1
0x9FeCf056375A973308bB3D6fb6b1c230CfD21456,1
0x9a14e7045Bf7dCfe6B0002d72ec1674b5CCC50E6,1
0x9a8E8fE802802965b7B149502BCE085b46e75111,1
0x9aC41e441131d8BAD5f165c2a8dd71e5F7BfaEA8,1
0x9aED1833028F064faCc051Cea2F19cf74e3297fb,1
0x9aF4d9d1d47419BE75DE41b7fcd08Ec96F239E6b,1
0x9b3D56Aa1a52a0A39F2494573CCfE059Fbe97F2a,1
0x9b3f49A186670194f625199B822FCbDFD3Feacf7,1
0x9b4dA8243fCED2f6B0eA59c098Ccc6724f309EA0,3
0x9b616Ac1D31F17Be9B23560d93699cA7732e2808,1
0x9b9667700DAA8712f2dA2F1B6e890a8Bf2790C41,1
0x9c49A9D90A9827C98e786fD2909aDb46A02fAA4C,1
0x9cd5F86e1690DaA9167Ce702F30E8e83d4D9352E,2
0x9d6d3b09F8AC8615805bd82e53B80D956F451CFa,1
0x9dcC35aE915926F7f5E8c624254d91F755d55B71,1
0x9e5652761927b33f1E59A13275230BF10084C891,1
0x9eacab1795b8e33Ff4cC741555EBeEF720e0248E,1
0x9f001d6E8238f1b215A6d9b15a3254a8Cc1E0272,3
0x9fD9d986b564fBAa45eE3fB6dc035a63BfC77f18,6
0x9fDFAEC2B79362108D862A5d558faD31Fe50A9C6,1
0xA00092733AB0a598026f839a83D6c16540A5f8ee,1
0xA03C655F85F3CB01Ba7124118bc57d60eaa4E2fD,1
0xA05A2E51beB7FDe2c8CDdd4750926fA6Ca02b769,1
0xA14964479Ebf9cD336011ad80652b08CD83dFE3A,1
0xA1830E8d9F019FEB448478a171Bb37Cc6C4c0482,1
0xA186727FDAF90cD7d9972572E32C618Ce04206f8,10
0xA1eD93Bf44Ba35f1e8EBfB4d104A0e109337A5aa,1
0xA291df781bF0995B401432646Dc7B1ff4D2b1c15,6
0xA2C62eCcfDf4f93453464640Ac197947e5e33c25,2
0xA2E899bAc0Aaf4F0FEF858Aef6f42189127aecAE,1
0xA2a8D563739435BD7Bc225394c78b51913b1Dc13,3
0xA335ADE338308B8e071Cf2c8F3cA5e50F6563C60,2
0xA35b95b60af5205dbD02571d8D72Ef83F79A28Af,1
0xA3Bb281A4012c13b4563Ea62b6BF01DDCDF39D0A,1
0xA3aa6e119a42b5f608775360984D3721F12E3f2C,1
0xA44dc707eAE282144205e0eE1C7E356A14Ca78a0,1
0xA55E8f346a2E48045F0418AAe297aae166F614ce,2
0xA5C515d8e2ff6b54de12c5Fa5f0bb64d341B7F56,1
0xA5aa7454aB373a8D1287a232f3ceE46149fbdE0e,6
0xA5f55fD5869e3a5EF0595F39bC13048b24e24FD3,1
0xA742A54E0b9Cd1Cac03c8F569bA4C606694261f9,1
0xA84944735B66e957Fe385567dcc85975022Fe68A,5
0xA8b015e7B12094Ef79bBF3BE75bD515Bd7C513CB,2
0xA8c4e3ce1743D0f2A6c227548C982a7C40569940,1
0xA8e54b46ae93E14eedaE486a9EFCD4c7B5a5be20,3
0xA92A40457E419c5EC245A646da09112cDcC6cfb6,1
0xA92BE7F728Ef585851212b1cEB318B8A2fBacc96,45
0xA94b40c53432f0576E64873CE1CEAd1aae62Fc90,1
0xA970D175E16b74c868B9a25657DA9B2385DD1320,1
0xA98220f6dC5DFcA27ff19605a0a6D3E1dDE4CFE8,1
0xA9BD4d1F04f8F3C10f6C8AcD75475c4c3e5DaD03,1
0xA9C09f45b2bd1bbB3D7AC14506B7C9c9476A7649,2
0xAB0bc8E749F91b032aA0b909EdE779f27f6a2CaE,2
0xAB6146be577A5b63f4Ec5b75506E974417cBCA22,1
0xAB961d7C42BBcd454A54b342Bd191a8f090219E6,1
0xAC46dAc5c58bf33a216A0b756bfb9b3d86407f97,1
0xAC9B83CE5EA61F32A79208C9D412033564E68Ca8,1
0xADEEb9d09B8Bcee10943198FB6F6a4229bAB3675,1
0xAE4a1F18F2461BA512231D0a4198DA419b23EDB3,1
0xAE9E2D7EA31f99ACE589dABc384FA7FC72A04853,1
0xAECce32486Bf8f657dD9AE4627048De1a72C41A5,1
0xAF1bff74708098dB603e48aaEbEC1BBAe03Dcf11,1
0xAFC8F5e0F96F1c9238f46A86140080D95a3eA66b,1
0xAFcd6E3D6B8E87722eD8d5a598e811672A462a9d,2
0xAa163c47065c22D17Ed1c47E3E244337D2056c17,1
0xAb73D686716339ed1F96829e59A5960fA34ECd7a,1
0xAc1b80e06f970879BfB8f2b92B59442593f332b6,2
0xAc9d7336eC3DF01596bD3bF20Ff53ACc66bb4761,1
0xAd58C2840CDaC1A0327261F2df36B04f07fF2F57,1
0xAd640188745Ff9a9FBbFd13a30E1Fc48c0B93761,1
0xAdE27dE7Fc771dB43e8761266c48018024b5E2d4,16
0xAdEbC3FfeFC219404B290CDc69246cE8cCE55FB2,2
0xAee33D473C68f9B4946020d79021416ff0587005,1
0xAf0f557a9a7E84Bdd02aDBc14962df2789d95D4e,2
0xAf8A08DdAedd2378b8075f8B90CeE4b066Ae0DF7,4
0xAfD5f60aA8eb4F488eAA0eF98c1C5B0645D9A0A0,1
0xB0B0F09A99d8AD135a54487Aa327Ec899CD744F1,2
0xB0B2b405c9D09d129E9F9b18c9DD218c532f2b2A,3
0xB0Ddf2333994fA9549C07B839Fb16fA51046D9e0,2
0xB0dAfc466871c29662E5cbf4227322C96A8Ccbe9,1
0xB0eB8B4003fDD74f3c7994fBE5fCE95aD10e3BCC,2
0xB10a17fa1bD936F1058d9eAb01a742A7b60272D0,1
0xB12d314ef27F7e7B928C9d6c715aCfe7613D18ac,1
0xB15988b3dA502672C4E98C9Ac3348a17F0c3DC2E,3
0xB1B3C4A9f1E824f55808637cEa3018915ca99f2D,1
0xB25C5E8fA1E53eEb9bE3421C59F6A66B786ED77A,9
0xB2797AeE79968e6D26DF153Ef815Edd7dDbD6190,7
0xB28889b36039D7935f77C6353e445c3c94Db3809,3
0xB28e2d5602280C42641471FAE46E8deF9458Ae60,1
0xB31466aa2246492293BD542ae10a06D68331bc13,2
0xB32FC7B40a89e0547bD16664a57fcFCeECbeEeEC,1
0xB35392Abb2799A7a35Cd97FdFB8ae0151B4D8207,2
0xB381D0EDE4A4A355D3090B314615147A581e7CB9,1
0xB3E08599AC57666BE68dBB3D311B9C607900A83b,4
0xB3b33aB13b1437c209634535b304b5659be16785,2
0xB4b6a076241C45E579246bBAC2baD516Ca3bf17F,1
0xB5532cEB62AB83E4A0F1281f5cB9a019b16e1c12,1
0xB57aaE22f8Ce7524cae1704Dcc68EFDeDf1A4b8d,1
0xB5BAfFb036576B46F45544174208FAa5b7dc1cfB,1
0xB5aA6D303E0666A4A4838326aF28aF13B7928d60,1
0xB5fC9EEf8f391051ECfC1c7d71D617181A56539B,1
0xB635FA1A4E7F1f2edf5fBe4630040cb6db0B40af,1
0xB674F3fd5F43464dB0448a57529eAF37F04cceA5,1
0xB6c1bdD840fa0AbA1d17b867B0b895B447C592a8,1
0xB73aF3AA784A3667f5edB7061ea0dc0A466bF201,1
0xB78B12de170F6d873ede492308308b86BCF692bc,1
0xB793B79afdcc414a527F523FA4AE45a25083EFc8,1
0xB8421159252Ecf26b066127B4f86896aE8dE78ea,2
0xB9b8EF61b7851276B0239757A039d54a23804CBb,11
0xBB70ED5b739b980891e84Ca67d135eef612a0EdB,1
0xBBD5bEBAC63a25e11A959730F472eb9572813a5D,1
0xBBaCD7487b871CD34398197a544Eafa16E2493cd,1
0xBBe846566F2172AdC9c0bCdCCf8D280Ad60dfa67,1
0xBCB91567bcc11b04035eC888861858c1B9266632,1
0xBE35abF3bA9FF7740de1Bc1c4AEF9a8E4d16CDa2,1
0xBEa645Da9c7f6De1f7E287759CcBFd5ab9f57C08,1
0xBF33df64d595dedBEC17eaE129562E934f8cF567,1
0xBFD06C3482785230387481B0c7d53B7dd216a651,1
0xBa17a514D8DD407F57Ca411Bf8324aC50f11Bd82,1
0xBa404c2d23830349A7DC5CAa1BbAb467945d7F55,1
0xBa4627Ad58deb30C5F3A09a3De1A539B06A9f0dc,1
0xBa48024b55F446a7E4acFF0F55eB10Cda464c2Fa,1
0xBa710688096D8daAc453746d2a6315a3533d82E9,1
0xBb692870Ee921D168B51Df3f8fF01a4366b371e7,1
0xBd2c1b24FB52d272c339E2a01496cc79EEB46726,3
0xBd4Eb0295468c80725017f74113F5AebBD6e8D12,3
0xBd4d581a3912Ca3AFdde3aA515F22C1ab965dF99,3
0xBd77d91baa57aA1ACaeE8f27BFc0AD00c9931C20,1
0xBdf3745a384F55233618Da5856615089dbA50fC3,1
0xBeAbbA5D6fD4bfe3767fd12803C7818250ac7bB7,12
0xBeF716e7fBC844020925dc372879becd2f932bF9,1
0xBf2d5699dE5e15186C26d2A4e2239a5102099b90,1
0xBf5453aD9457Dd0941bE5f7cb083Cf37d1d7775B,1
0xBf572DBcA3bF9fE904c6f34e8e4584e1A831FDDE,1
0xBf8AD9dCAbA2936BE3FeC65d423e2029Ba07f35f,1
0xC0B374f27abcCD5f34e30bA437AdF10f084a66c4,1
0xC166A61dDD2E92EAd51c4D4aE4F9ef7BBDEb5b93,1
0xC1B422E18Fb485B5040114Fe2d91F6131737f7e5,1
0xC294edD2a5A901e3fCf1A6E6EADE8Bf1f9c81Ccc,2
0xC2F607b2f12B0E67ea00A787ab6EcEa7D5Cce62b,1
0xC31dB2E710192791b65dE43D4B84886A6d770322,3
0xC33e3272D29d0cD5A7371a3114080FFdC333E892,1
0xC3DE4f9C763EC015DEB165D0A96FBAfA390286bc,1
0xC3fCc7B66636f7E3CF36946bac4Feb2ee3492846,3
0xC42705A210f082ff29E6bEAc80F56C41F0A54091,1
0xC47a1978fBDE5F1A453196DA88E471d0CAD3d6C4,1
0xC49c23d3ea33b18A4c513c69e8Dc5ec0e8ECB62D,1
0xC4EA745A21C7Cc9e6E7B2384996b6B312Db8c7c1,1
0xC53539fd4D109840dBFe8c759Ba7fc2E7200709B,1
0xC5794423a4a58cbe9a0120128cf80e1F67fA3ac4,1
0xC5e0Fc863Cf3664C7f8AD1afCe781cc1d0f02Cd2,3
0xC65C48fB1F2Ac66B106e7BfBf703E57536808C63,1
0xC7124130A46489F1027Da556537827Cb507396fD,2
0xC72B9Eb5e5356A634529e8aA9FFa90FA4331CBDb,1
0xC753d2B398281D303559B6Abbd7742102468BB70,1
0xC77c6eAB64FB3986CEEae9a76081Dd2097EDcd0c,3
0xC7c022BD85529bEd1b92DE4Ba847F3f4e8fd5CbF,25
0xC80f256367bBE0DeA36840819c586B41f911d968,2
0xC84350BcE9259D11f7518564520c9D3d6DDe3871,1
0xC88FC1f1136c3aC5FAC38b90f64c11Fe8E704962,1
0xC89a81137cd74C2BDE5393200Bd6ba2eaBc97747,1
0xC9928dA2Ad62C1047b9FF06D4dDB24945ebDde03,3
0xCA34374e872c677939efE7C0Ce44a82a26022DEc,5
0xCA949bc917Ff93BeA259D1751a1af1908c69D969,1
0xCAA089A2A37F950a91e2072e5692f56D28657fCD,1
0xCAbA2231Bc28f0fCE76FEa1f97e4c9225899B4eE,2
0xCB9613AE6C334944Ae7D99D0BD0FF6B4fe841D32,1
0xCC3E0238aB75cE515e7Be86112C0F2386A672796,1
0xCCa178a04D83Af193330C7927fb9a42212Fb1C25,1
0xCE76da4871063E42D8B7320b9A65dd1181C14b12,1
0xCF75eCD3AFA095b0a4a8aB48cC2D2d427D317Cc9,1
0xCF94708A01A7D91353215751eABd1A68Ff7b11cd,1
0xCFE76a690279BA023039bF5Ab4917AfB6aade49B,1
0xCFFE08BDf20918007f8Ab268C32f8756494fC8D8,7
0xCa695144Ed80D2E5F10C8938c08dfFbf2516a170,1
0xCa9ba74eE20917211ef646AC51ACcc287F27538b,1
0xCaF1A0E288965a7A64303A49d2A10E22414fA264,1
0xCb1E63be3e892126eED1345831720759435c9066,1
0xCb45B819E881fA7a5946B6b8f92A5576faa5a3Bb,1
0xCc031C2e41B59E41062592121F2b44c0Ee91886F,1
0xCc26EE3D8F6d327507B0cd203764310187e11298,2
0xCcAC7Ca73Ac0b892bd99B144f8A2bf36fa9fB58d,1
0xCd8bca20699F891713A99592BC0CCdb957d60957,1
0xCe71eC2Db82d10FE60F053CBb5009aCb171f3190,2
0xCf8fcb37b7E4Af7E2F79A6ff813B4d899Ae70bDc,2
0xD00eA6dD0a76Acfc989bAC535579ED98435eE29c,1
0xD022AFF371F2b0647b90fdAC50746d26192C4e00,2
0xD036d0c465d8361f7f778Cc9A958c1f4ad741615,3
0xD0d56D9B522677605Af6AE771203d3216916304D,7
0xD0ebf765A5A02CA21016f4A025C815BEc30BB00f,1
0xD1878D69615F41364C127424Db3E8510f1948615,2
0xD18f91C1F576e5cCCbD576046f027d34C7E748FC,1
0xD1DF1C40832ef19e8E1a015256bB0AE70dBac58f,1
0xD1da1f0fb4CbED573482Ee5b17975Fe74F378885,1
0xD1f9bE99d2312895913Da55d5Ff0347A55fd37d0,1
0xD20976320FbAF53D42059292a829b7CD38Af8D92,1
0xD24FF5e32DE12be154B1C2eE7B731CBC45540E50,10
0xD273485Bdedeb856083DDe9A8b293aa556cf8178,1
0xD2EC4724BAf1952de4718FbFD3EcBE95dC98fDBE,1
0xD2d70BdA86D2c2a74a63a5229f01B70669F34988,2
0xD30F2888E7928b52EA5bF4cb1D323e0531aFe272,1
0xD452d16cebD4242d66a23F2f6F9a784A1A2c42d7,1
0xD4668D6D6cb365B58D6AB4931e6B8BBeB3411bE0,2
0xD4717059eCd0EB605a1605cfdA8d842e14F4BB3d,1
0xD471dEC25772496F299572e4cF875ECdEA8DD0E6,1
0xD4867061A4FeFb0B7cc82aeB5D78E931E69515bC,1
0xD4B4c17815328eCC633261E11C7441E85555F6aC,1
0xD4d00a14D2d3181DBEBEAF062933D150e9bAFB27,1
0xD5dd2D695e921Bf0a8Da750199397c3C33b129e6,1
0xD727774FFf706dA2C95a102E58677F1722Ad2AD8,1
0xD7505585eE465C12D403D6A7AA684ECA40642e07,1
0xD76F585b6B94202430875aE748fF8C038Dc64111,1
0xD799F16d365bD525e0Cb0ed625c499b220b70cA8,1
0xD7ED50dD80e68f2B71CA9AF0117351239CeB05dc,1
0xD81eD022BBFe903f3e1BD75b7242a4CceBb3d6cd,3
0xD82829B0019e885667867D6b7902279d2d604df8,1
0xD914A19f0e1420acE988B01863cf68a85c4aE554,1
0xD93E1404D732CfEA9F7d863C92Efe4e408857b7A,1
0xD9b49a81ee72aF3C026a2C144C9Ffd678A78C8b1,1
0xD9cfab54f1234AeEA22B2818AB919866A2809c1C,1
0xDA86180127B3C8c0fa76D56348922bFD9CCBE48a,1
0xDC913455Ffa5C095DBD58957829d34E41eCCFE7F,1
0xDD7B952A2841bFC804A13110a787905DAD9535dD,1
0xDE75F09a694e4573F2FB222579Cc0a23d912CBE4,1
0xDE8514Ed1bDF8AE31144D717a3e5a3Ef2c0Bc4Ad,1
0xDEFF1E0d40655a47CC87cf3fa9BbEd06FC121E40,1
0xDF7fa906DA092cC30F868C5730c944F4D5431e17,3
0xDFb61d3D107B9E0c7204FF2CEEfB7E1942eE074A,1
0xDFedDc98ae6eDcb5F63178A8589f41B6477F6C42,2
0xDa28ddF14Ec309F3f506315Da623618F8D829F10,2
0xDa4F259498bA798942Ad73B8a1481720426859B3,1
0xDa7FC7825Eba671c937D4Ec6517f66248caa8Ef2,2
0xDacAA8EAb8Cfc102D2d8fb6420E205A8C85Cb3aa,1
0xDb704Df06A7fA515fe77B30595451346198bC44C,1
0xDbccEA4c4FbE723aCA82FD4Bd605d80617F53D68,1
0xDc18e1f94EB8CA06455216BdBB1F6b64C1081881,1
0xDce4A7509752F11ba67483b7E45dF2D868b71F2b,1
0xDd75491552E20Ed23B63FA09e093C9baC034fC9e,1
0xDd7a8bEb89c4016Db74Eac10ec03f4a63a560B94,1
0xE01008e3337cee08D3f6AA8AD25A36012fAF2f32,1
0xE04903eA0dA52680520903DAdC84f5adbef35E9f,1
0xE0c15e9Fe90d56472D8a43da5D3eF34ae955583C,1
0xE112d465bAb72a75C0FbDcC866110ea494a0DD55,2
0xE120ed22A0cD12d5De6122aa7D5b6D93Ac218b49,1
0xE15aa7f7de1f1bB51aED5d7C28BDcb59987f020A,1
0xE18e779AE480092698c390e849C3ff48088047a1,1
0xE23CD65ac0253f67Aa75666765E3350D14117866,1
0xE28aD49154D0DE74133a6a0FF4031e01bABaC0ce,8
0xE2cBA18876AB53899258a4696A73DED50577B5C0,2
0xE2dD4d4599349Cd55E7fCc16c904Ddd9A70e5D9d,1
0xE345C5dAD42d1ffeda91c01aaC2C03af49597541,1
0xE37B110fc5f8D53d77cC8d6e054Be57062324407,2
0xE42c65004b1C0A923C3e8CcCF370b047524FaD8d,1
0xE44562485a1261540dD8165d4f89d89688BeBe54,1
0xE457134dB87f4246865882a7E3835AA84C4b8D6e,1
0xE5442041Fd024bCc4bdFAa0a28AB941150Ef8637,1
0xE60f54049759A11D764756ece4D27815e990d92f,2
0xE6a45798D46ee574eC32f3192A4c866D87513935,1
0xE6dD04DAFabc8502195dD14Cbb7FC61599E8A823,1
0xE6e7A811aC96c93cd6b555C2aD4430121321f41B,1
0xE6e7bb336daCD37640311FbB099f7580172F5613,1
0xE74Ed6B9B268ECD478c01F76dc7DaFCA428dd359,1
0xE831C8903de820137c13681E78A5780afDdf7697,1
0xE83ef0518C0838C30Ef663089A9Efb627Ab451Ff,5
0xE882317349CBBFB3D2734935c0Eb10A25517ab1F,15
0xE8b21E11F95B77b564Fc286f36a1509C417575B1,1
0xE91cBC483A8fDA6bc377Ad8b8c717f386A93d349,1
0xE920Ba2D30e812fCb02004B0253ebe168c623C66,1
0xE9421Ceb7eb2ed9C535F8ECF448D9c00C3ECE059,1
0xE943398DA56744435f094bc1478C203fB0045e20,3
0xE99cCF02E3A3671cE4E3c176ca10A17C7C0Dd2CE,1
0xEA17DEcd530792e2E667b000903F96C52803855b,1
0xEA6fc817816e59A9CcDDD58bCD9B9be8FfE28629,1
0xEAaA71c210B404a73bF38BA2f4a168A7F8ebf2dc,1
0xEB7AE8BaB37041c958BCA6B13a3A499d1859f8B4,1
0xEC01bb8E44F8fD3654Ed2732834e61f241e70D20,1
0xEC734bb679B136d38c4348CB7aCafEa5EA749718,1
0xECea340c1F0ab083a38Fd09EB4b1DA7672A36908,1
0xED5847639328EDd38E7CE934442FF4eE8e714f7C,4
0xED66081dF3f42a5e3Ce388F93815Eff87462F1CE,2
0xEDF7b675a2fE3c27efb263fb4c204A3f0fb17D46,1
0xEF46A9851dE5B9Ccb7289cdb81F56cbaADbf41f9,2
0xEF574f2c7BA6bE0Aac5CFcebfF2252F20b2Ca0FF,1
0xEFBBfB08115B0F6a2825A9a186baA5777F5d2494,1
0xEFc2b0a568af4D9934B7BE3eD198A10E6C608De2,1
0xEFd9ba2E337c7046297284f4a9358a2AEE5990bd,1
0xEa8CDB581e5F46491F03e25fe36b095df5Bc1117,1
0xEa8aE5797E0E054a06bD2FbE45dE1e5e0e9Adb81,1
0xEbDb626C95a25f4e304336b1adcAd0521a1Bdca1,3
0xEc4f93a158f27C3b3481f5754B0D9B1f3Cf366d2,1
0xEd24226381F5144562f0F50C69b7AbBAf5a2F093,1
0xEd860e2a761D8B0c83b1c0A1C4b7D5fc1af97d5c,3
0xEdc63f732D61Df2556fD3aE84F911a84Ac64B4BA,5
0xEe21f2c2AEc4Bb03a0D5C45873E851Fe9fcb51d0,1
0xEe32d08E674dBC7ED9547f02E39DA62a4689e7B5,2
0xEf2EC50359b38a7a71f031e3C0B8c8421e7D62BF,1
0xF032eF6D2Bc2dBAF66371cFEC4B1B49F4786A250,1
0xF054632b59FEFcD68f949C1445CA5362B13511bE,1
0xF092d90f3880527699134f82Ba467c66136208BD,1
0xF0c7ef0861D4F55368cBb7724EF61aEc198A8eFc,1
0xF10D8DA9697B89347C4585B008525F4d49567D22,8
0xF145F89042a4F1C2A0f5a2988451CE9Bfa0C310f,2
0xF14a04d18cB5Ba0FE293f6157CD4593404C12ECe,1
0xF1984DD40cde6227Df2F0A503C8Bc9aa8380d87F,1
0xF1eaF08Fe28d9DDb3a13D2D7ecAbE5A71e7709a4,1
0xF280Be039Bb96fa8fa0B3E8Fa3220f35ed875c66,1
0xF283ede9Aee038F226A620cA04b43131C60cace2,2
0xF29F6d2A2523c53fA1FCc97B9CB6a66d632cdda2,1
0xF2c06f90FB58844C09220e01E3116A2293Df6960,1
0xF396923a852Cb675AA52604ECD6489385dA4b9Cf,1
0xF40281A8Df0366AA6659eBDBDb950E5e4ff7cD59,3
0xF44217A8b6b3f258BFFEaD635c226528aa516aea,1
0xF4d3E81a37d7C5C8D102eCd1D5e12827803A4963,1
0xF542cc19DB89BBc0Ab8F856492C69b38575a2807,1
0xF5535D4B271edC5E35dADC460385FE44F286Ab8e,1
0xF5beDE8E7aee6a188e554626d8b4B41faB5a6D81,1
0xF5d90Ac6747CB3352F05BF61f48b991ACeaE28eB,1
0xF6Ee009FaF9303DfF817D13472299Bfe7c864eEe,1
0xF77f62c7f08C213EAB81F32894FA328e05ccd26F,1
0xF7B18e107eb36797f4cE36dE756630B9C30969ad,1
0xF7D449280542666e941CF45C6eB9eCD4FA784221,2
0xF7aF46763e59dE168b0B6bBfD78571116643788B,1
0xF7f502609de883a240536832E7917db9eE802990,2
0xF8Ad2c3f153c1f9587643Ba3698A284D32F9CF6E,1
0xF8eC566Ff6a8dc90cD0cB45dBeff2665FD8F3029,2
0xF9605D8c4c987d7Cb32D0d11FbCb8EeeB1B22D5d,1
0xF968A5de2019dE1F0A8f53758dD137aE5C9EFbC9,1
0xF9768bFed50b506C5536188AF0fdD8d0190A847E,1
0xF9Ae06309Ca551cdb2fB72831Efa2D4fE67Cec87,1
0xFB2092014888542b0FD52d6E88928fB780491d30,3
0xFC199e896bB4A153046Bacb8B3C3170079190705,1
0xFEaf6d29CE483e90320d06E2FFa9c9390E526d2D,1
0xFF301F3b4a51a1948aE021C77379D5dd56f1377D,3
0xFF79B76AdcAf2D31Bc58152d7e4De5509dC43A39,1
0xFFC02940b6F297bB3aaca6D790f65C1d28E891F7,5
0xFa4B3317810CA213CE47d2C882E3c0F89eA3b409,1
0xFaee372B8993E8E464DB888Dc3AEB0435e2ba0D0,1
0xFcFA6885830f508f6eFb78bDfAd1e299CB56D022,4
0xFd660518dC1b52d9F67FAcd42bbBA962B06b8E54,2
0xFe3A899E0de9791f5568C2FA614D909d80E81966,1
0xFe5E2E83e966865d61bAcd8dFc10aC73Db222640,1
0xFe68434E8Fb088Ba4CAF5472A6Da1aC16dcFdE11,2
0xFe6fc5F5d89693D02dC938ec5bE5f5b1F8B955e7,1
0xFe767cc71B60BA0165D948B0fce096ae050B9224,1
0xFeB620b14A9C3683CEcB9097802AF9c32e51C701,1
0xFf2d091C4B6501761093C296c1Fc43a12160129d,1
0xa014d8765456df70c82DC55C9a45e351ebCD2829,1
0xa044EC5C5189d7B2eCc176753Bf9A9e1dDBC9D5F,1
0xa05d2Cc50A1519E3E121a2EdB04A323057d66c66,2
0xa0768b454fC4aE5FA7885CFCb379706Be6b1633B,3
0xa07D75aacEFd11b425AF7181958F0F85c312f143,1
0xa0ce3c3C2707B50aB5086dEEd544069409DB1462,1
0xa11F83cbb07FD0327415BD424b986132E009F643,5
0xa1909f656e11086902c23Ce4BC2EE1B4950aDAeE,1
0xa1b1A631c0c1dD4899deC7C343Ee59aD21867803,1
0xa20aC0958bB2258AB60750baa007EfC1805A1d4a,2
0xa2BB82c40949F7Dc6c8e145533F6A0146dcF3dF9,2
0xa2D638ADa840080dE73971e49A52EaF00ce18474,1
0xa2E0e046Bc732613464ecff416F8EcAf2Cc7F140,1
0xa3129D0E49A8942b61edd72624FF621D90902a55,2
0xa36Da89068A55dB12D63678Ed9B48B7A7410a28D,1
0xa451648507b65a0d2990A1C6436f7E442a1CDc58,1
0xa48E7B26036360695be458D6904DE0892a5dB116,1
0xa5437c9d2f62F79AE22B1DbD0a735feec7CEF6A7,3
0xa59e113fbef3B4129bAef6b5355dFf683851aFA7,2
0xa5D95aD29692ce66728f9a1F1454D0bDB84Ec73a,1
0xa7888F85BD76deeF3Bd03d4DbCF57765a49883b3,5
0xa79da05566eA8ffd181C45EFd6f484616f6EaDef,1
0xa7E4e8be63e8e56c395787C06b9F51Ce3Eb8F2E5,1
0xa82AE2645bA9B1c3f88FbCdbf9164300f001b74A,1
0xa906ecC07C5619B582654510DDfdCF45CE468100,1
0xa940409938A3a708BDb756B03b29FB6Cc26c1a87,1
0xa9462C5d8f8Cc6633776FF18cBb80b94A63E7093,1
0xa9eE9a1A42539DE87438F9D14cDAbcf32a46700B,4
0xa9f078B3b6DD6C04308f19DEF394b6D5a1B8b732,1
0xaBaf489d77C04b9881cfCDDB709A5fbd0463740A,2
0xaC6dcb5e686F7E3f1F9006B896fF9E4b37436530,8
0xaD4489f64a8be791294116D3E99D2721C7f0a72A,2
0xaD9F9194C68BD83250A534a7DA574687e1F102Ff,1
0xaE3Ae4352789F5f4f90AAC2917C0B9024D581e16,1
0xaFD0B1131F1a12C7ba707E391fdd1Ee67C34552b,1
0xaFd680FB78648298d13422dA8EB29199e72368EC,1
0xaadb7CC8587cA5aE3e5c98B9e78F6024953C0Bd0,7
0xaaf7A86f75A0f7602E6A663Eed01c67D8d98f54b,1
0xabCa2289F0d03773e8b102248997e854aa36CD21,1
0xac0a9adae1c7D0A308b8Ef4FF77f171B87403206,1
0xac270Db5F0C00505c7972034110Ff77d2C20F1e0,1
0xad8Cf42977Fbb3503bD8F3ee69e98bd28Ac03af2,1
0xaf80764E457D5bb531cc196A92169E202D0F2B2A,1
0xb0667A0455C2245DA97c7779a46194190333e1aA,4
0xb1275E42f8620a07CA2196Fc153fedF764b6B673,1
0xb246275ab015CD3a62Ad46b992b92E4e2EE10dF9,1
0xb2B05422f3D493FB5a01f277F5d2b9F06ba2A116,1
0xb2a0E8ffc16729A0aB621b2DE55E1406991b407e,1
0xb38497d82FB6BF10fEcfaed705dE8E786C0C494b,1
0xb42573ddb86b68429C8f791ED0F2B79d2ca95588,1
0xb46Ac18F8Fc29C552450E1Ba67272e8Dfc828FD1,1
0xb48757412c17282F5262A033130a7e5929531C15,1
0xb4CEe9222bF5E54EB86B89b0d54e2F9AE3f0a115,1
0xb5E28DE7FE51003CC8Aac574AE65793c657D6904,1
0xb6ab8e6297BF46D3bCF80cf93dba6e265028A610,1
0xb7124941b5CB68Ec1C44487E57ceB2E1a208ceA7,1
0xb74e5e06f50fa9e4eF645eFDAD9d996D33cc2d9D,1
0xb778E5F70b2315C1682B27F322C749c8333eB254,1
0xb7A593EC62dc447eef23ea0e0B4d5144ac75ABC5,1
0xb7d49ADB031d6DBDF3E8e28F21C6Dd3b6f231cD5,2
0xb83C10E1a1a713f60Ce847528D44F66aCC767f05,1
0xb85b8dA96b9153Ab94Fa0a17439E01cb729bF539,1
0xb878f50facfbcDD72840b921B2380707d229DEb9,1
0xb8A80dcD813F91Ac492401474604Ad083F0087B2,1
0xb8Ae86B8302f9150Ad5CFEd829168D2465544ccF,1
0xb8c2C29ee19D8307cb7255e1Cd9CbDE883A267d5,1
0xb90781Ceb500f80A9c101225eD5451449a3Aa5bc,1
0xb941F9b7566E7108332a9eC187D222A1Cc05e422,8
0xb95d0877b4830858fdaf6a1111d8a233214c06b2,1
0xb9630191de192D1Db1435310542a3Bd5eC203F1a,1
0xb98B46c3626F5751D843117522C61E6E41D70331,1
0xb98B88a09998b596648f41A4A27d0237edA58Ba6,1
0xb9C83fe4b9CBFa91F0D8946FBA0De2670788aE42,1
0xb9F43E250dadf6b61872307396AD1b8bEBa27bCD,2
0xb9b7Db94D57fe25907620eAae42b9780176CceeA,1
0xb9e344dF89cADdb0ed19128D16130fF943f32ba3,4
0xbA9366Ce37aa833eaB8f12d599977A16e470E34E,2
0xbAA32387bd55553Ec806622d524b12BbB8242a19,1
0xbCEb8A862CEA7c38aF633B641Ed0e6fdE23F0112,1
0xbD50fD4FF0EE12d4634d6504e054d35FAFa3BDc1,1
0xbD9c944DCFB31Cd24c81EBF1C974d950f44E42B8,1
0xbDe902ef7DB798de8001a7589E59Af9e8d82B158,1
0xbDeAc5624eca938b103d5F6AF62321d8A118E7D6,1
0xbDfA4f4492dD7b7Cf211209C4791AF8d52BF5c50,1
0xbE0AffE00De6BbdB717d2C7Af7f9fEB45311320d,1
0xbFd7ddd26653A7706146895d6e314aF42f7B18D5,1
0xbFdec29918884C981cC3a8dE1D4478fb592a96a3,1
0xbaB4279d46618D6D740422422EdEE9A6538A39E7,1
0xbb8eeB1b3494e123144Ce38E1aac8f7b96b5EfA5,1
0xbbcBc8BbA8e8AC9db79C99c5bFE30c062E16e1da,1
0xbcE71F7891bf3d50DeC059E63DE8591675cF1454,2
0xbcb4c8386c097589e7825aAeb9E7C6295835F1d6,1
0xbd1293983CBDc189f986bAfDA8cbf9f37fb30E2C,1
0xbd17e0C2D7Ab5CC7c3aEb00219C9213863e44084,1
0xbd722F41bca276B05a27E0B716bdeC2cB801D952,1
0xbd8a92E249090249c5fB2FF71e47B69fb650d3AF,1
0xbe4f0cdf3834bD876813A1037137DcFAD79AcD99,1
0xbe6e23bA37Ba18610ccB843b914b4593dc54c2B3,1
0xbe7eD1C6a66648EBf5746fF79D143065956F9Ae3,1
0xc0BAdD00a37D94136e47B6ab8690501eE7523F78,1
0xc12A25DDBf1e05F2667A5f998C39A7A0c6b82b41,1
0xc1A3257aD792796b83f575664195d0B805E235Ed,3
0xc1aC1B51c4fdF8739E13846E7116846FfCAaf374,1
0xc1f3eBe56FE3a32ADAC585e7379882cf0e5a6D87,1
0xc284A334Dfd7f95846eB8f8155eE3b08ACDF8583,1
0xc2956790F439E90F018Dac98B0058a1187dcDFdD,1
0xc2d0efB4a42e4d85dC9e020eaF2876FA65002e8B,1
0xc3Bd6cb0BA3214a5D637C3f56Ae79224BF8bC4dC,1
0xc3f17178311899B068d0E2C86253E087DAB5ba8f,3
0xc40e6f48153079719fA1C93D399F10895f810504,1
0xc42b8048764ca138aC55d04a1e1791e937589194,2
0xc47fF9a8Ba9D625369A784A9D7509Ef77bAcC91a,1
0xc4Ed448E7D7bdD954e943954459017BE63584F69,1
0xc537b677d45530Cc2352C904B4af221f4dE3D16F,2
0xc5EB2e0556F9C3adFE2B9Eb784E7F5f3930A8F9c,1
0xc61288821b4722Ce29249F0BA03b633F0bE46a5A,1
0xc6C8AeCb1d9cA59A09d691cDa8539992655dbfB3,2
0xc6bb76D4Db067495f8b9b545E6e1CC9e550F3ff3,3
0xc70Aa0Bc5C372CA2006204C91Af480dacF621Bac,1
0xc78A95019C52aD9856aA764D6908E88D5b7930eE,2
0xc809268224f4782383321E413661E925c456581B,1
0xc8D598Fabf4D816A02c3802865c62E35c33e869e,1
0xc92A0A71122054F83c8fbdADE123385Aa259C779,120
0xc95bdd29C8c552575Fa6c669d81074570e73599E,2
0xc99F3B968B7a8C88414c266C4Bd199bb1C7eb86c,1
0xcA330b5F6F52051317a7d4F3A90493818d5230Eb,1
0xcA7c767854B1E7305dE07247AB85E30543d1d9c9,1
0xcA968044EffFf14Bee263CA6Af3b9823f1968f37,1
0xcAc59F91E4536Bc0E79aB816a5cD54e89f10433C,3
0xcAfc736D3dCE097D8038feB54FfA00B179099DC3,1
0xcC202930867769A83B61cf5053b65D1845E76Aea,1
0xcCA10c95672485E8701f67Bd650253285DD395e8,1
0xcE1cB6948f9aA1dc73f2706A1eFf46f9083cd6DA,1
0xcEAcC735C67217101ABD0FFB46661C42deC366a8,1
0xcFbD8a757Cc7691BF3E3E89D754D082630E7E415,1
0xcFd4E7B368A7363A6c65e855c66C8B6b4e9Db09f,2
0xca0126c447bAF369f96a763eDf125955bDEEc0FE,1
0xca4aD39F872E89Ef23eABd5716363Fc22513E147,1
0xcaf94D7Aa8007436D83Ddfd8239ca6e69F6579A8,1
0xcb8aDF742FD717B57f5da3b2f74fC249E5ECC53a,1
0xcbf4Ec5e64ff05C170a07fa839Ece108f7332734,1
0xcc123b0DC18e4dC147A9cA83Ce0F59ebb54aC983,2
0xcc3c930cc2114A29106F90c10c8E32D2d770F79b,2
0xcc5055F08B8f832d77C4124fA2451e6Da6f0DbA6,1
0xccBF601eB2f5AA2D5d68b069610da6F1627D485d,2
0xce2dC79fd4B71279cCf3cd07DaE4aD1CE3729898,4
0xce4B87301aD7c336Ef2f1b822aD8Bd7e86249ebC,1
0xcef2b9593a5952F276b2b70Eb363Ec1B935054b0,1
0xcf6F862111c4Fa10eF350189d23B825EaBffa7cF,1
0xcfF7303b8E08403438c751bF21c04771252fA413,2
0xd06b2094482951A96FD361d2Cf7Fd34a35437dd6,1
0xd0CD8ea7563CDc2bb8Ad6a6be2E5B5d56b80595A,2
0xd0f7F7a8aA1314F4bf24646cA7a11586e1eC80E1,1
0xd106d59E2bc967e1767749E5F635539Ff5416a72,2
0xd1914137f45F690D6A9531B84344bc1952aE0F66,4
0xd1e89B9E932f6c4CaE6144B5E98ED5EA915E1d10,1
0xd1f9eeBcd233E7A5D8BB0441e3F79fBF3CfD6f98,3
0xd25891CfAF13C9Ca8a102709261Da2fFd0Fb0a1F,1
0xd29d0bAc7e2931A5B169EA5E6F3c38Cf15443D6a,1
0xd30eB4f27aCac4d903a92A12a29f3fe758A6849c,1
0xd3928C1CcC5406d83fdEE4ac6277DEDfa723d3C4,1
0xd3C51F11a7cc1d7cd17a4Bfe2D770899366e6504,1
0xd42d80dE96225Bd842D2Df7fDDD8E3A9b26a82Ca,1
0xd53bB342Dcc659D51e5dc070386dF1D1C0f8d2D0,1
0xd54f7AB07175d9eFFC4b72581517800B47ee7094,1
0xd6075dF525D564cF0f92560BCDF1d1208Ed6473b,1
0xd63a8b9699fbe0b0B70C443CDA57CD667A77D1b2,1
0xd675BEff625cA054DEaCAf6fb2cBfFe13ADB87Ba,4
0xd7391a8B26c91632106fb4984fb3436Df5440BCA,1
0xd75305c70257b1a78641Ff42e0ea15b10054DE0a,1
0xd766a11858c57252cC4F9978282B616C3e0bBAC4,1
0xd76Aa530b8C1F0039971Eca13ca1850047271aF0,2
0xd8FD1aD0da93D380c96B9DE5F0b6624B03b7963A,1
0xd9532E8F9F82e2e785f5786c72c79c6F34FB9805,1
0xd97a2f65F89F99CE03cA8F3fD2431D053d387E8f,2
0xd9C45915A2BeB2632E9f2cAba2a3Adc47eA057eC,1
0xd9C819752dEF1C636e894bE3FF9A18E6De09c7F8,2
0xd9D455A8b8B9AEda2dA66c52B80c90ef423409df,2
0xd9E4aCd307Cc2b07eF245373A4DD3Fea3e466ABd,2
0xdAE8c7af7930047561bD7357908080531A6EfE3f,1
0xdE9FE8bC38B76E852476Ba272905f87F7D9A2a1b,1
0xdba9648Ff976995bd31D9ee9a76d2A95813d6b6b,1
0xdc54a3Dc8b8A6d143252326d0487B9988C8530BB,1
0xdc66441f5A58Ad1Dd983bB0E3eb17eF8DF530383,1
0xdc81c0Cf551195E54938944A06D2185ED1758cB0,1
0xddFb8404019da82Ed3ccE9Ee69C4cAa5B86B8601,1
0xddf543429e415a262E7617d76196621cb8375d20,1
0xde99C186f223949dF2126A86C90ee41D9B6bdA36,1
0xe0057A40A3F1F9F2A8618baa9bDCAf85979E6527,1
0xe0437191B5c2507A2a2c18b86F4a17f5e2bb4d29,1
0xe085327c5AD2F77147F10973Fed45Fb19d734F7e,2
0xe0B2ADd5C2d094008d014369ab6bc5c42cF3ACAd,1
0xe0C484C905da1488700270f8398419d8B84915B5,1
0xe0b2A5594266585558d3A88cB3299e721524641E,1
0xe160A7499D4079a91c0Bb718059dDEcC31aE078D,2
0xe187d15a08Fb7216712DD635CD8d4714c6496bD1,2
0xe24f1714203518c0972f9E81286E273b445980B5,1
0xe254f0EFc830BDFAaDe07EbC99A1B355530bb625,1
0xe2CEa50ba5a302A691B93692e74786D6484Db295,5
0xe36746c093c9eB8F384f4ABc8406F0c72D3278eB,1
0xe49473c41b98ca7CB69EC79df4986590344397FC,1
0xe4Eea6c04362A442890D1dae8E57A60ECe8126dd,1
0xe4fb9ca52E39B83BE69E74E7Fac8f807A9c16eF9,2
0xe510647Fb531e156005c621149fe5FE3D49C18E8,1
0xe5e1e9c58DB4ECaB40fD46D7aC3578b74c1D0921,1
0xe63e20d1bD6Dd18d981A22Cc18F15e89e48A6057,1
0xe64D330Cc8654520815AA3CE90613d89b855e3A0,1
0xe7449d1590d8F91bF9d79F845627EA3bEC840483,5
0xe7bab002A39f9672a1bD0E949d3128eeBd883575,5
0xe7c1a078a3FC66f77761ab0D3F4bED112A7f70b3,2
0xe8C6B293e90D706652FF82bBBF8de01A84748188,2
0xe92A813F747dC64F52B78c55f5d5ad19b11Dfdc0,1
0xe9945b3AcbDc2f9dcad8871F01aa9dabBb20d882,2
0xeADe22C5F5C6cdEF2c4CcA298bFEb715db1e4AE5,1
0xeBEdc29cB0720C742C30D7D727C8fAf1beF23974,12
0xeD0087B28b00B92C5c7767B1dDaB3095762150CF,1
0xeD752DE8FF035D2735449a92F6E9596Fb18E00Aa,1
0xeD75EbA841d999AFe91c6e9E399B9FD3c6Bacf14,1
0xeE61B0d50D96D4249aE0E12756eDC199BBB7D070,1
0xeE7840DAC7C3ec2cCDe49517fd3952e349997aB5,3
0xeF8e26bCc5f0d49eabad131974Bd2D4Ed3782835,3
0xea23c259b637f72D80697D4A4D1302df9f64530B,1
0xebA20c74c3C19f4aB9744DF4B1dc7E696C16c8Bc,1
0xec6FA687EBc1025A24a70b7c5bF9a2B6772F3Ba1,1
0xed0C82a6309566aBf5B8E21B8B68030eb4AC7ceC,1
0xed2bF3d9f436ae8efAea57a7c5B5C8A19372d062,1
0xed32dA4B236f0E394Af5dB56271be321E4b6D5d1,1
0xed6b3dc95E6E41156cde61A206668935d7e958a4,6
0xed6b5eD47163c7eF807E09C9dA9b50a1783BC59C,1
0xef05A4dcB38843616d50fedd5275170dD7924b17,2
0xefb668801D0C257FFEbDaE1D0060515E6f5a8180,1
0xf04946c11127A096Bcd6a572c01C89C164f2fa12,1
0xf0772CabDc9c9B9b418CF19B4844b3e3Cf4028b8,1
0xf0AB3Aec33799d83a3DEABFb95B7a71f3A14F4ac,1
0xf0D6999725115E3EAd3D927Eb3329D63AFAEC09b,1
0xf0d66807004b4080E02026b50DA1d3b214d2b4b6,1
0xf147c0c5Dcf087055bE85Fc4B65f15f458E5Be6e,1
0xf1c7acB5443cA99A5afEe1c55c4CE0E6CD9D6312,1
0xf27B173b8B24561f040e5Efd37b4ba28Fd465040,1
0xf292FafA1c93A9A15130a83127Fc7448BB753d37,1
0xf2f6225962E7B1098D10f8B421b0c31936c7dCD2,1
0xf32746F07df8e1F928F1C6E6736b29B21Fe58DA7,1
0xf38746dC80Af641247F4cA11ECE611696806D438,1
0xf39d98C71c4304f1DDCa3BB34c49fdfb2d429F79,1
0xf3B1B6e83Be4d55695f1D30ac3D307D9D5CA98ff,1
0xf42a339F93c1fA4c5D9ace33DB308A504E7B0bdE,1
0xf47E84d32eeb574d7f4C2e99ce132A927268243e,1
0xf486d56ccE70c481b3455aF901fCC4F03FeE8107,1
0xf49d2bcC52F0b46a98204721f98Ce9d4e6730BEd,1
0xf4cb0399fd1B3c370a297FDc21090a28A1366608,1
0xf52D4a80B14372e2dbB1192Eb9c0A3F4053B9231,1
0xf53cAB0C6F25f48F985d1e2c40E03FC7C1963364,2
0xf5601ef49Bc4Cd2F1515893D3c7193bA3F31A7EA,1
0xf65c0432c4f740EF60a327714059F2d3dfBDb2B9,3
0xf68600d9e1365837163929Fd725732aC1C2a5b95,1
0xf69EA6646cf682262E84cd7c67133eac59cef07b,3
0xf6B6F07862A02C85628B3A9688beae07fEA9C863,1
0xf70A270c3b7a3454B046268271330715f715c684,1
0xf72D580A01163B6012ae7623Df7621D75083913f,1
0xf7463e7335033586683Ac1f3DF3080a0B38BaBe9,3
0xf77e60088401D82E67b42E1F04eEf53308cf4a19,1
0xf7845cc3D24a511e15a0368871465f0dC5Ae4fB1,1
0xf84975C731E88bd46c7017887b66C8e62efCe9A3,1
0xf84e0C56d402d4ef36b37503Be8BaD4246572C6f,2
0xf89e388D02635F2A9B8Ab567618940829Bd9af07,1
0xf8Ddb07ac0dCE831924b59A9173aA855443f2e01,1
0xf951cBC421eBac7d9dF3CDf01b541Fdd38e9201f,1
0xf96D09c553db50EF8198eED965dF9E660133C23A,3
0xfA508Abc6e344bf24E702Eee803731fae056a407,3
0xfA93c414267f0Bb41242ff82FD9a832891f41F1D,2
0xfAd1CB78101cf717Cf97663E681eB87291DFcBE2,2
0xfB7238A230de49E96D2A880BA984DFA1e2523f85,1
0xfC346690666B1F3e0b8FA729f94cCe64969eD074,1
0xfCAD3475520fb54Fc95305A6549A79170DA8B7C0,2
0xfCf7Ac816beD302829847dC03bc1C03Ba53c5C96,2
0xfD8bC88749375c12FA0b36Fc564B5Cc797032306,7
0xfE1Ab8EaA5E40c723706C62FF212607D256403e5,4
0xfEEAa6A2aE0D4a15e947AFC71DC249A29Dc2778d,1
0xfEa04B2B2a3480658291199c7d14916151E3464d,1
0xfF504B0F481EecD15A5EdD1bfFbF4E491913F728,1
0xfa50671B1e38945774F0A5224160B45c8b545f29,1
0xfb071a6D521E1fd735B6103Ab2B2622f3E51b48e,1
0xfb4A5AE508Dc15E2E1172bAE69fB8ad18Cc81d73,1
0xfba674dBBbFaFEd6da9895051E5204DE824325b9,1
0xfe32A37F15ee4a4b59715530E5817D1322B9df80,1
0xfe6Bc0f11013642C983e3691A272CB71374F774A,1
0xfe97B38192Cb30aDD0bBe5e01E6a617562CC8318,1
0xfeAC37ccC4afbC8Ae635B510Be41d2eAC8e171ED,1
0xff48f17E93a0173B1f4767C80C03d2857c729384,2
0xffd91D21aada737a54902E5C09f4af5A8E52252D,1
